 2.57936658 1 696 1386
 -2.6382394 1 696 975
 -1.6479555 1 696 550
 -2.1028729 1 696 2265
 -0.0373332 1 696 1939
 -1.9300714 1 696 1184
 -1.9768119 1 696 336
 -2.5327564 1 696 2068
 -0.2967464 1 696 2025
 -2.2835897 1 696 1586
 -2.3231395 1 696 1018
 2.69336775 1 696 1431
 -2.2365073 1 696 2763
 2.62577719 1 696 1906
 -2.2801734 1 696 500
 -2.9751501 1 696 923
 -2.7463825 1 696 1338
 0.16223911 1 696 488
 6.13292916 1 696 1075
 -1.3122211 1 696 2445
 -3.0542116 1 696 2040
 -0.6312009 1 696 2471
 1.6104207 1 696 729
 0.45200325 1 696 387
 -0.8687035 1 1781 571
 -0.6253251 1 222 800
 0.54839104 1 1844 733
 0.03317336 1 696 1937
 -0.9559507 1 696 2752
 -0.8212563 1 696 288
 0.13144417 1 424 2136
 -0.8536013 1 740 1016
 0.03416785 1 968 607
 0.57391141 1 526 277
 -0.3352076 1 277 2335
 -1.3045436 1 696 1008
 -0.1632972 1 696 718
 -0.0221339 1 696 420
 0.12719615 1 696 2737
 -1.4986769 1 696 1426
 2.26375437 1 696 1105
 -1.2816328 1 696 2443
 0.31547881 1 696 702
 -0.0874177 1 1801 2791
 0.28087823 1 1044 1371
 -2.086714 1 1746 1749
 0.15843932 1 1573 480
 -1.2989233 1 1369 818
 -0.7963796 1 2096 570
 -0.1268486 1 1359 2558
 -0.0793519 1 1460 1949
 1.87389316 1 1916 1530
 0.43824932 1 766 798
 -0.4159502 1 1140 2693
 0.52573192 1 1704 1312
 -0.0525381 1 289 1394
 -2.4182168 1 887 304
 0.51480672 1 919 999
 1.13661707 1 177 2038
 0.19465151 1 2488 1524
 -1.405469 1 892 169
 -0.6226094 1 1448 1923
 1.06471764 1 1630 406
 -0.5234503 1 1739 1413
 1.02936373 1 2391 2054
 -1.2502266 1 894 781
 -0.0428923 1 2240 614
 0.37011563 1 482 899
 -2.1651166 1 696 831
 -0.8789283 1 1900 1965
 -1.0673994 1 696 2545
 2.55927619 1 2037 2460
 2.46947623 1 696 685
 1.69138638 1 2432 725
 4.88904896 1 373 2080
 -0.3307049 1 1040 467
 1.13386455 1 696 809
 2.14764517 1 851 2546
 2.51429726 1 696 1964
 -2.1568449 1 696 1858
 0.2229258 1 696 2258
 1.70482725 1 1444 1537
 -1.7252332 1 696 173
 0.03084171 1 1116 1198
 -0.0629401 1 1117 877
 1.42293925 1 696 2270
 -0.3038606 1 696 2353
 0.27486678 1 696 2151
 0.93643069 1 1375 995
 -2.5269077 1 696 392
 3.98050226 1 696 302
 -0.4920962 1 924 1398
 0.85212506 1 696 1077
 -0.350809 1 1902 2067
 -3.2917789 1 696 2154
 1.84786435 1 2376 2347
 -0.3237796 1 1501 2029
 -0.0823926 1 696 1118
 -0.6763263 1 2045 263
 -0.4606662 1 696 79
 -0.4437216 1 696 432
 -0.5074612 1 1150 1288
 2.36877849 1 1222 1845
 2.44623136 1 696 1946
 1.43857734 1 1355 2561
 -1.2065654 1 696 2665
 -2.856128 1 696 210
 -1.303134 1 2200 1502
 -1.2777103 1 1112 1174
 -1.1694938 1 1113 1721
 -1.892096 1 1031 2061
 -0.2538804 1 1777 2450
 0.08764775 1 873 699
 -0.9754933 1 786 1024
 1.35568826 1 1004 706
 0.87812928 1 1453 931
 0.2734929 1 1825 2255
 -0.5291722 1 2130 983
 -0.9332531 1 7 1307
 1.15508257 1 79 2058
 2.08039987 1 1321 1385
 -0.2505297 1 2043 2075
 -0.2371309 1 128 2575
 -2.3126281 1 554 2452
 -1.2737297 1 2262 39
 -1.3663093 1 2411 1292
 0.01537039 1 1454 1401
 -0.6888631 1 569 2457
 0.17882504 1 634 703
 -0.7078529 1 488 713
 -0.6708775 1 589 360
 -0.7441237 1 563 1499
 0.1294439 1 1692 2668
 -0.5283731 1 67 2330
 0.42299455 1 1440 112
 -0.1003169 1 1485 1217
 1.80126133 1 771 890
 -0.1135641 1 508 2366
 1.42267713 1 213 130
 0.66204083 1 1932 311
 -0.9090255 1 2263 1392
 -0.2789597 1 1650 2081
 -0.329929 1 602 2429
 -0.0235276 1 696 2113
 -0.2880111 1 696 1036
 -0.2256156 1 1931 688
 0.26547123 1 618 349
 0.35570429 1 1863 2542
 -0.481608 1 1754 90
 -0.5369307 1 1497 1278
 -1.0908615 1 636 1851
 4.64624206 1 2217 2654
 -0.0514117 1 2014 2314
 -0.9943814 1 1198 828
 0.80602398 1 1648 1160
 -0.0459552 1 286 2334
 -0.331697 1 423 2674
 0.6615178 1 1120 1835
 -0.0156852 1 1513 1637
 -0.3421373 1 1443 604
 0.05945864 1 446 943
 -0.639216 1 243 784
 1.68833062 1 2002 2458
 0.83881456 1 154 2056
 -0.588595 1 1269 1714
 0.16207563 1 343 1410
 -1.0433482 1 1028 2403
 -0.3685375 1 2410 2236
 1.20525062 1 158 2570
 -1.0076652 1 273 1938
 0.03648721 1 729 1209
 -0.3638781 1 1165 176
 1.77975524 1 1748 2624
 -1.5241939 1 1589 861
 0.07716897 1 670 1110
 0.39785294 1 1640 2036
 -1.2855038 1 118 1317
 -1.0473052 1 29 306
 0.32929113 1 12 642
 0.08747401 1 1278 705
 -0.5561467 1 1483 364
 -0.0269065 1 50 329
 -0.0420708 1 1605 1374
 0.2799993 1 1596 1745
 0.07255669 1 102 2092
 0.4665823 1 1518 2416
 -1.0588908 1 1997 2101
 0.00216483 1 184 1051
 0.39173338 1 1118 1137
 -1.3542151 1 27 108
 -0.0592803 1 1765 2638
 -0.8088004 1 1991 843
 0.13345484 1 291 803
 -0.1209888 1 130 461
 -0.8053417 1 1126 2689
 -2.0138218 1 40 1653
 0.11593784 1 220 1998
 -0.3440566 1 1818 2510
 -0.1273499 1 620 622
 -0.4889651 1 1946 1001
 -0.5547238 1 305 2469
 -1.4445298 1 1268 1700
 -0.9008051 1 1209 1422
 -2.0833601 1 174 1772
 -0.7806315 1 862 2739
 -0.4911064 1 426 2390
 -0.6852549 1 576 838
 0.12373928 1 421 897
 0.47644545 1 494 2250
 0.88798814 1 557 1929
 0.08127239 1 864 1579
 -0.009319 1 318 1552
 -1.7724392 1 1509 159
 -0.3764111 1 1608 2608
 0.85106648 1 564 616
 0.3506916 1 2223 1095
 0.11137405 1 1233 776
 0.35241763 1 2139 2372
 -0.0821875 1 69 1796
 -0.3313377 1 691 1330
 0.85790215 1 1845 1681
 -0.1807176 1 953 26
 -0.6561442 1 523 60
 0.96545417 1 457 413
 -0.0330531 1 1384 1301
 1.35740954 1 1512 974
 -0.2771357 1 643 2166
 0.48303214 1 664 2491
 -1.030843 1 689 2016
 0.34631253 1 31 1129
 -0.8058018 1 450 1456
 0.02966536 1 499 250
 -1.6335851 1 681 163
 -0.3028153 1 397 193
 0.42395331 1 257 1515
 -1.1438343 1 272 2224
 -0.2805593 1 2129 1899
 2.13972231 1 679 381
 -0.0442544 1 276 2775
 -0.0893669 1 1426 319
 -1.0133909 1 1740 1399
 0.68216332 1 905 1730
 -0.0501989 1 153 2432
 -1.0766653 1 895 1358
 -1.2872008 1 392 587
 1.79293875 1 341 2547
 -1.1783764 1 1179 96
 0.80230881 1 202 1284
 -0.1542716 1 649 1859
 -1.1058048 1 195 2658
 0.00916883 1 208 2320
 -1.1746588 1 696 834
 0.17000551 1 1904 1165
 -1.5951002 1 696 175
 2.06014848 1 1447 2629
 -1.5668471 1 696 518
 -0.5726345 1 657 855
 0.06754169 1 1185 881
 0.17396439 1 1917 2266
 -1.4573018 1 466 2601
 0.76486361 1 967 1914
 0.02708963 1 1488 1563
 -1.0031008 1 1353 1571
 0.78348722 1 1557 1663
 -0.3759196 1 495 43
 -0.5720927 1 1251 299
 -0.2686276 1 854 634
 2.864452 1 1958 1082
 -1.6349749 1 292 762
 -1.7050012 1 2404 2383
 -0.7293574 1 1873 2127
 1.33842292 1 405 1780
 1.10401544 1 1396 1347
 0.02292424 1 567 1434
 -0.5867032 1 296 266
 -0.0390529 1 1786 2730
 -0.59086 1 559 428
 -0.3670516 1 1876 1291
 -0.0793488 1 456 963
 -0.0601882 1 1415 2178
 -1.1414854 1 530 2502
 -0.4857314 1 167 2004
 -0.1844647 1 690 1142
 -0.427735 1 1850 1231
 -0.2285193 1 1481 484
 -0.8905966 1 2247 148
 0.55937426 1 2442 208
 2.50437159 1 1804 539
 -0.418162 1 2032 1975
 -0.2382068 1 480 2292
 -0.6106329 1 414 2211
 0.01487702 1 1898 1880
 -0.3369316 1 899 1021
 0.35163744 1 1577 1342
 -0.2617243 1 2213 372
 -0.041585 1 686 334
 -1.0649862 1 103 1376
 -0.0677414 1 1272 1056
 -1.9454189 1 2238 2098
 -0.3148523 1 897 2420
 -1.5288939 1 1053 2106
 -1.1195457 1 995 815
 -0.035703 1 148 1143
 0.00618191 1 1404 575
 -0.7147971 1 764 240
 -1.4839791 1 422 113
 2.07589522 1 1606 1607
 -0.2738745 1 204 1262
 0.09823061 1 725 1871
 -0.0840576 1 111 2203
 0.1196991 1 1159 590
 -0.6141672 1 696 927
 0.25795738 1 696 225
 0.09311316 1 696 2002
 -0.7047871 1 1239 2474
 -1.3644173 1 2034 6
 0.99468832 1 1864 1704
 0.10575818 1 2296 1778
 0.44338023 1 1250 2743
 0.04366507 1 1999 2642
 2.45609681 1 696 503
 2.25674337 1 696 844
 -0.4374821 1 529 904
 -0.1719583 1 1259 2586
 0.0047718 1 1305 1931
 0.16770571 1 2431 1583
 1.08518982 1 696 1559
 -1.3515354 1 367 1904
 0.98666569 1 2349 56
 -0.3348835 1 129 285
 -0.7202866 1 320 623
 -0.4039112 1 60 1100
 -1.2317911 1 1499 779
 -0.3628621 1 1284 2379
 2.57848253 1 687 1801
 0.99550139 1 2140 1337
 3.2486935 1 696 1685
 -1.0902523 1 696 918
 -0.5636279 1 696 581
 1.39584364 1 696 99
 0.12653919 1 933 1613
 -0.6914996 1 696 1864
 -0.3903351 1 696 2644
 -0.172766 1 696 2306
 -0.7242641 1 696 922
 -0.8430055 1 393 2339
 2.58457173 1 651 2682
 -1.3939313 1 2184 1829
 -1.0835353 1 696 1484
 -1.7796374 1 696 1646
 0.32077615 1 696 59
 -2.1953142 1 723 2519
 2.93690278 1 696 719
 1.51881659 1 696 1007
 -0.9506362 1 696 2461
 -0.8150048 1 696 2051
 3.58621538 1 2314 1417
 -2.3546683 1 696 1767
 -1.4553284 1 696 2746
 2.81496238 1 696 411
 -2.3395181 1 696 497
 3.86012857 1 776 1223
 -0.343387 1 696 2243
 1.58705304 1 696 2579
 0.93598611 1 696 1933
 -0.8465729 1 696 1218
 -0.6102621 1 696 1545
 -1.9146021 1 696 165
 0.46250724 1 696 2616
 -0.9937152 1 696 278
 -2.6307947 1 696 608
 -1.85444 1 696 1101
 -2.4675593 1 696 2044
 -0.6810676 1 696 2147
 -0.5628176 1 696 1324
 -0.3448989 1 696 53
 -0.2323693 1 696 407
 1.39102221 1 696 982
 -2.8015581 1 696 2160
 -1.1720286 1 696 2022
 0.46958532 1 696 1123
 -1.3143222 1 696 1447
 -1.3162098 1 696 256
 -1.0270076 1 696 187
 0.31155736 1 696 1523
 -0.453619 1 696 1194
 -0.8945648 1 696 1955
 1.59652488 1 696 2275
 -2.0030877 1 696 1242
 -2.4100881 1 696 1744
 -2.6462918 1 696 1393
 -1.8253625 1 696 2435
 1.97886979 1 696 2118
 -1.6894984 1 696 1032
 -1.0115498 1 696 74
 -1.9914259 1 696 1427
 -1.5287998 1 696 67
 0.66179934 1 696 421
 -1.6203533 1 696 2174
 -1.5114039 1 696 1969
 0.19525432 1 696 374
 -0.9003131 1 696 2782
 -0.890364 1 696 1378
 -0.0921017 1 1489 1737
 -1.5233522 1 1425 2083
 -0.6675439 1 1083 2422
 -1.0182554 1 1084 2107
 -1.4471228 1 701 811
 -1.8180625 1 2378 1131
 -0.3528668 1 696 586
 -0.1783325 1 696 1869
 -1.468349 1 696 2650
 -1.4636471 1 696 2312
 -0.0242157 1 696 1490
 -1.2957554 1 696 1651
 -0.0023402 1 696 1993
 -1.3402768 1 33 378
 -1.1338254 1 2290 726
 0.28679334 1 2301 684
 -0.1152758 1 696 2466
 -0.1551544 1 696 3
 -1.4826376 1 1087 1706
 0.40402312 1 2313 2649
 -0.1306341 1 78 502
 0.26068578 1 738 2248
 2.41782037 1 248 1941
 0.7957079 1 2387 1551
 -0.3954665 1 1435 174
 -0.4300771 1 2527 283
 1.53138045 1 696 1107
 -0.6830738 1 2076 1803
 0.1600133 1 2123 57
 0.79540887 1 2516 986
 -1.7855102 1 2454 1454
 -1.7833051 1 2067 2664
 -1.0988037 1 2336 2327
 -2.3222958 1 2281 822
 -1.5652969 1 301 567
 -1.0543402 1 2023 2562
 0.0311573 1 1762 117
 -1.8915427 1 1937 1600
 -0.9976152 1 565 1255
 -0.1994494 1 928 1978
 0.34579596 1 696 2535
 0.32265903 1 696 595
 0.87655964 1 1700 933
 -0.5975574 1 1780 794
 0.17712328 1 1960 2695
 -1.4667781 1 1913 1469
 -1.2564164 1 2450 13
 -0.2501967 1 2438 1655
 0.00646035 1 1147 626
 -0.4276093 1 2126 1106
 0.2167458 1 2261 2285
 0.48221648 1 1227 1617
 0.54899323 1 888 2028
 0.30508684 1 1014 2721
 -0.2626855 1 1713 2437
 -0.955865 1 1915 2540
 1.33540289 1 753 2697
 0.55092424 1 1584 234
 -1.5186207 1 9 1476
 -0.1626812 1 2458 2766
 -1.051212 1 1920 2413
 -0.0788166 1 1851 734
 0.35709259 1 987 1052
 1.15111033 1 880 1603
 -0.5267425 1 282 1529
 0.08928775 1 716 183
 0.47254698 1 1717 2636
 1.24134171 1 1310 849
 -1.211766 1 1080 884
 -2.1018922 1 268 2594
 -0.142917 1 976 1919
 -1.7640881 1 1002 1821
 -0.4904031 1 1290 1311
 -0.3030655 1 917 632
 -1.6247522 1 761 1087
 0.66203373 1 957 766
 -0.0183288 1 1394 2376
 -1.5261211 1 478 2725
 -0.099806 1 884 2039
 0.75124378 1 2044 1111
 -1.7482963 1 1588 1433
 1.43583636 1 1723 273
 -1.3378091 1 485 2736
 0.29963341 1 537 426
 -0.6156833 1 232 2176
 -0.8382222 1 1015 1275
 0.14171436 1 2333 1856
 0.30168441 1 1978 832
 0.02514647 1 2355 1163
 -1.2708745 1 1154 220
 -0.7218555 1 1153 131
 -0.7317793 1 798 218
 -1.3082538 1 979 1489
 0.33493148 1 1957 1988
 0.33573529 1 369 2523
 1.99387843 1 283 2196
 -1.1258886 1 1295 945
 -0.94833 1 541 2622
 3.47959976 1 143 865
 -0.3248023 1 65 532
 -1.2299821 1 509 2699
 0.37572256 1 871 1668
 -0.0641822 1 2113 36
 -1.2453721 1 1366 646
 -0.0174641 1 592 2031
 -1.0385529 1 1636 259
 -0.5857855 1 831 955
 -0.7904444 1 1207 1950
 -0.075308 1 1492 2268
 -2.152743 1 1661 1910
 -0.7780159 1 1471 213
 -1.065321 1 1615 2064
 0.00714693 1 2510 2453
 -1.6103609 1 535 2124
 0.18316077 1 938 1351
 -1.5536344 1 1720 358
 -1.1426599 1 1273 11
 -0.5684908 1 1401 337
 -1.1596481 1 815 1367
 -0.5341631 1 440 2331
 -0.197428 1 2061 231
 -0.3982963 1 1655 1982
 2.97380708 1 1664 2209
 -0.4764241 1 1768 938
 -0.7043071 1 1849 806
 1.72882075 1 960 2700
 -0.2590443 1 860 1091
 -1.1460469 1 2289 2718
 0.88412612 1 310 1793
 0.44077193 1 2478 1333
 -0.2376228 1 1203 23
 1.88432714 1 2191 664
 2.53997579 1 1422 753
 -0.1471186 1 1462 971
 -0.2615327 1 1075 2494
 -0.5181437 1 323 2702
 -0.2616132 1 1935 448
 -0.5437078 1 196 1186
 0.7837958 1 433 867
 -0.2900325 1 1337 2281
 -0.0851851 1 703 2220
 1.21017114 1 1172 1895
 -0.3365338 1 1878 1247
 -0.8472666 1 717 1589
 -1.3318202 1 1886 1067
 -0.5353968 1 1423 2398
 0.23131494 1 959 1360
 0.69937628 1 1048 346
 1.53059293 1 2025 2803
 -0.6353786 1 784 94
 0.76411395 1 1731 1865
 -1.4643198 1 1282 2311
 -0.1823383 1 2279 1990
 1.3071513 1 696 223
 -0.863514 1 1673 2527
 -0.4530777 1 929 950
 -0.1535813 1 836 1272
 -0.1016815 1 2110 2456
 1.59564036 1 2256 1711
 -1.164088 1 2448 1361
 -1.7096569 1 2103 1761
 -0.6125587 1 1403 2400
 0.75043332 1 2046 1591
 -0.5232344 1 1019 1542
 -0.7130695 1 1190 1892
 -0.1684092 1 813 2626
 0.11447656 1 42 2282
 -0.6816911 1 2427 873
 -0.5860889 1 984 786
 -0.3417864 1 1144 2707
 -2.3011957 1 696 40
 0.18340095 1 696 2495
 -2.1091607 1 696 653
 0.13017897 1 2091 1684
 1.82150445 1 1921 264
 -0.1759578 1 2164 436
 -0.8386365 1 2033 771
 1.3159195 1 1089 237
 0.16375427 1 30 1260
 1.36363294 1 1081 1873
 1.05420629 1 788 1980
 0.67264301 1 2162 1175
 3.64056748 1 1066 1252
 -0.963837 1 2229 228
 0.4513033 1 1348 1475
 0.69137804 1 1939 1049
 0.89973129 1 2252 675
 4.4688723 1 1110 1697
 0.04740292 1 172 1352
 -0.955614 1 572 1775
 -0.3177693 1 1360 2123
 -1.3857027 1 1027 2387
 -0.6147459 1 1741 757
 0.18520045 1 1540 841
 1.16038856 1 2354 886
 0.92052289 1 707 547
 2.41616622 1 333 2591
 1.65868143 1 552 139
 -0.3552192 1 1133 1576
 0.42608035 1 1058 1908
 -0.5982923 1 1856 2604
 0.10537715 1 304 2269
 -0.483525 1 2036 619
 5.31690422 1 309 2371
 -0.9825253 1 1330 1444
 -0.5137607 1 582 28
 -0.0736853 1 399 2484
 1.67931011 1 346 648
 0.40991758 1 521 2497
 -0.3124261 1 1894 2011
 -0.5084905 1 1823 1459
 0.22382513 1 1286 1809
 -0.4708977 1 1982 2710
 -0.16479 1 147 197
 1.12503051 1 1466 530
 -0.9661726 1 1641 1190
 -0.1596386 1 2265 2621
 -1.3370765 1 2007 1902
 -1.0376164 1 1593 1250
 -1.1433416 1 779 1595
 2.98882046 1 1602 127
 -1.3255338 1 1382 317
 -0.1624528 1 97 1070
 -0.566659 1 1629 2404
 0.67360211 1 1865 1763
 -1.9056168 1 1530 1364
 -0.8477426 1 513 350
 3.60132054 1 2105 251
 0.62896046 1 1791 1281
 -0.131017 1 696 1870
 -2.3196926 1 696 2193
 0.38541649 1 1248 1488
 0.24125517 1 1318 471
 -1.2251286 1 324 2679
 -1.3948743 1 1216 2530
 0.71011984 1 1994 2200
 0.04144977 1 1060 953
 -0.6893296 1 2069 1279
 0.61660998 1 88 2498
 -0.0647418 1 1104 639
 0.20861258 1 2190 966
 0.84256497 1 1684 760
 1.59448161 1 2298 2384
 1.32124787 1 312 2735
 -0.8782836 1 732 1777
 -1.8458568 1 1391 1429
 -0.6398529 1 258 1695
 -0.2111876 1 898 431
 -0.4652048 1 1030 629
 -0.8718693 1 1583 2505
 2.51981257 1 708 2001
 -0.9452349 1 2159 1472
 -0.1377267 1 2203 1569
 -0.0247098 1 1034 144
 -0.7866545 1 1339 2596
 0.52277387 1 682 542
 -1.6138396 1 1372 1176
 0.65398047 1 1633 851
 -0.9750891 1 1699 2294
 1.57003809 1 2253 2635
 -1.074442 1 2144 1876
 -0.0105284 1 2283 1257
 -0.3853114 1 1984 1345
 -0.4951322 1 2169 361
 0.12301274 1 38 15
 -0.6103 1 2467 332
 -3.5278183 1 2403 671
 6.04988026 1 1061 1054
 -0.4615117 1 342 2094
 -1.4945407 1 1564 1748
 -0.0734048 1 432 1140
 -0.2308157 1 1003 1466
 0.83926777 1 225 243
 -1.6182115 1 2460 453
 2.32784099 1 351 2206
 -0.4465161 1 940 929
 -0.862057 1 947 459
 -1.4913427 1 1314 119
 -0.1700699 1 1805 235
 -1.093209 1 1225 1480
 0.82056549 1 11 1147
 -0.8987294 1 1226 2183
 4.10770896 1 656 730
 -0.7896242 1 113 1053
 0.92749318 1 1098 339
 -0.0508383 1 696 2299
 -1.1491783 1 696 892
 0.83675269 1 696 552
 0.17804043 1 586 2595
 -0.7049866 1 1812 143
 -0.6498776 1 58 1580
 -0.1504583 1 840 2609
 -0.5811993 1 2206 2512
 1.73390827 1 2446 627
 0.77972885 1 1065 772
 0.70898391 1 1839 2726
 0.57540966 1 2472 1798
 -1.1329208 1 1683 1449
 0.2529022 1 2115 2027
 0.54029436 1 2055 2741
 -0.1948346 1 1316 417
 -1.871302 1 2186 758
 -1.0385633 1 631 978
 0.10810228 1 1297 655
 -0.4172557 1 1543 2500
 1.11596064 1 2392 2017
 -0.5862524 1 2068 1670
 0.44557442 1 412 1462
 -0.4697707 1 675 1815
 0.75332829 1 2340 2315
 -0.4981726 1 2093 1994
 -0.5629693 1 693 1159
 -0.4206777 1 1903 222
 -0.6974164 1 536 465
 0.74149473 1 696 1248
 2.60581637 1 2237 2303
 -0.2336788 1 2326 2199
 -1.3134649 1 2480 1268
 2.20904971 1 205 102
 -0.268128 1 1254 246
 1.77313798 1 965 1460
 -0.1216861 1 562 1132
 -1.4480841 1 419 2110
 0.23297548 1 1516 2405
 -0.2069164 1 1802 2085
 -1.7650452 1 1486 1061
 -1.3285586 1 452 323
 0.27671734 1 767 21
 1.25782305 1 619 379
 -0.1004273 1 1695 1336
 -0.9433201 1 696 1790
 -0.3749668 1 2511 1887
 1.0274855 1 105 2625
 1.2380858 1 986 2287
 0.24634104 1 913 860
 1.84903917 1 1009 1181
 0.95594898 1 696 537
 -0.6280214 1 696 2602
 0.0194945 1 28 155
 -0.2437523 1 696 1227
 -1.2404342 1 1096 2508
 -0.2812968 1 431 647
 -0.225059 1 240 969
 -0.2239319 1 2004 764
 0.97107282 1 2220 1783
 0.03263014 1 1493 1441
 -0.4950215 1 696 1439
 -0.2568919 1 650 1786
 0.02420583 1 1275 2727
 -0.9898906 1 2241 2378
 0.25934579 1 1972 2511
 0.41790872 1 973 1575
 2.17106288 1 974 151
 -0.1080822 1 2128 2605
 0.07411563 1 2325 546
 -0.6751883 1 2193 862
 0.838346 1 2133 2298
 1.98756571 1 696 2639
 -0.7010807 1 8 1883
 0.21618696 1 696 1782
 -0.846221 1 2028 366
 0.62589688 1 977 674
 -0.0173116 1 696 1057
 -0.3906531 1 1128 736
 -0.8202111 1 971 2412
 0.31145872 1 1714 2097
 -0.3559503 1 2259 2006
 1.03202881 1 1724 1473
 -0.5582473 1 2529 458
 1.14145196 1 1604 1264
 -0.5346661 1 1335 935
 -0.2147228 1 179 2534
 0.93517906 1 45 2212
 -0.6792677 1 418 934
 -1.6330503 1 1146 1258
 0.37671831 1 1091 463
 -0.7846924 1 1038 241
 -0.9122674 1 696 1485
 -0.6646297 1 696 1154
 5.21416404 1 696 2000
 1.46121277 1 696 2326
 0.0253762 1 1620 1797
 0.76320587 1 2463 1679
 -0.347515 1 696 2020
 -0.3784615 1 1106 659
 -0.4299347 1 1767 981
 0.20681986 1 1232 748
 -0.3330894 1 2473 408
 -0.8603874 1 696 2749
 0.27440476 1 1214 31
 0.20186859 1 543 1675
 0.63466431 1 578 1453
 -0.1673821 1 696 1810
 0.73893315 1 2197 2709
 -0.6702139 1 1922 2360
 0.17771589 1 1537 785
 0.19122741 1 1638 947
 0.36579705 1 696 2521
 0.31499445 1 2070 2614
 -0.1883514 1 503 1901
 -0.545437 1 82 1547
 -1.2876376 1 2443 2582
 -0.1699934 1 1265 554
 -0.7638836 1 437 907
 -1.0866354 1 416 833
 -1.286932 1 522 2308
 -0.8059088 1 150 2395
 0.96049437 1 2444 1769
 -1.7957163 1 235 1357
 0.48087292 1 696 1710
 -0.6371889 1 1879 4
 -1.0772809 1 696 345
 -0.5449748 1 2127 683
 -0.3774455 1 463 1041
 -0.5352962 1 1151 2007
 -0.868489 1 2405 1164
 -0.0535971 1 2474 232
 -0.4747285 1 259 2684
 -0.269876 1 641 470
 1.4866996 1 2385 1985
 -1.8977526 1 137 2309
 -1.0455818 1 795 2210
 2.4128344 1 1457 1866
 0.44186243 1 1626 1273
 0.1069347 1 2204 449
 0.06312916 1 1402 120
 0.08374521 1 1681 1148
 1.10090935 1 594 1757
 0.47264736 1 2235 1381
 -0.6840061 1 2012 340
 0.41182778 1 696 382
 0.28500322 1 696 1348
 -0.0273319 1 2172 1251
 -0.2179614 1 2483 1893
 -0.2805087 1 754 866
 -0.9600292 1 241 543
 0.74965921 1 391 202
 -0.4863263 1 2199 160
 -0.115294 1 1410 1558
 -0.0434163 1 1828 1463
 -1.3263093 1 875 1666
 1.48773614 1 981 2514
 2.23488383 1 696 654
 -0.8701005 1 249 976
 -2.0932913 1 696 767
 -0.3664681 1 696 423
 -1.1282506 1 1289 2740
 -0.1523308 1 596 271
 -0.5419436 1 288 1442
 -0.2784604 1 1357 1791
 0.27356394 1 2317 2732
 0.55343383 1 1525 960
 3.32523218 1 293 643
 -0.6718316 1 1043 2517
 -0.464852 1 1445 2531
 -0.4690836 1 2242 937
 -1.0325316 1 1036 1261
 -0.4624037 1 114 452
 -0.2872089 1 2264 1465
 0.84191506 1 2498 2100
 0.54328159 1 455 2409
 -0.4299344 1 281 739
 0.05938652 1 908 1055
 1.35358819 1 1430 17
 -1.0215143 1 696 1690
 0.77038705 1 614 1344
 -0.6665644 1 627 1785
 -1.1737901 1 2026 1879
 -0.8868936 1 1364 2293
 0.01940402 1 1206 853
 -0.3645502 1 1527 540
 -0.8467521 1 2250 2598
 -1.127367 1 1526 146
 -1.9124103 1 1162 1566
 -0.4026014 1 2440 1567
 1.1347848 1 838 1660
 -0.6856188 1 126 47
 0.13374489 1 1619 2503
 -0.0216804 1 744 631
 -0.2864271 1 1138 765
 0.66191159 1 1380 2380
 1.69764535 1 2287 1784
 -0.4025893 1 1205 1436
 -0.9610991 1 812 1432
 2.51478568 1 696 1779
 -0.1098301 1 1125 2733
 -1.2860355 1 1725 761
 -0.1954042 1 1745 965
 -0.6467068 1 1872 635
 0.5402528 1 152 2499
 -0.2173528 1 1477 1664
 -0.291785 1 1340 1229
 1.97053466 1 696 1562
 -0.0727856 1 2053 538
 2.57897603 1 2054 1180
 1.60207629 1 1672 856
 0.91509724 1 1168 2628
 -0.8265408 1 822 1886
 -1.4213644 1 867 1019
 -0.7198941 1 1694 1340
 -0.8755445 1 49 369
 1.26411288 1 696 19
 -0.0076741 1 110 326
 0.1990699 1 34 667
 -0.8193721 1 538 1059
 0.03240816 1 1078 2407
 -1.2535894 1 63 2103
 -0.1947751 1 2294 2009
 -1.0561004 1 1702 244
 -0.4956823 1 1432 105
 -0.3250948 1 120 1266
 0.28017306 1 504 940
 1.81175078 1 1193 2201
 -0.5926986 1 1294 2300
 0.49714178 1 1077 2216
 -0.4296084 1 1628 924
 -0.6802187 1 1712 1249
 0.19886759 1 2249 464
 -0.5780024 1 245 2686
 -1.0755969 1 1095 224
 -0.2057031 1 1966 1482
 -0.9596199 1 1446 1155
 0.015789 1 1264 2318
 -1.276998 1 2282 2423
 -1.4913268 1 696 723
 -0.8779719 1 575 1043
 0.83958878 1 1504 681
 0.3452754 1 72 344
 -0.7256131 1 1918 1703
 -1.4740485 1 420 2115
 0.21236729 1 1788 2024
 0.00333938 1 1911 1682
 -0.4202802 1 410 2717
 -0.2505823 1 330 439
 2.33317923 1 398 618
 -0.3285033 1 1160 2515
 -1.2491436 1 54 2607
 0.2673 1 1941 1905
 -0.3400602 1 200 1577
 0.78040123 1 2167 137
 1.47659336 1 696 548
 0.42399569 1 1585 1170
 -0.864948 1 1008 840
 -0.7257252 1 2295 2301
 0.76877425 1 696 2389
 -0.8235202 1 696 2120
 2.02651646 1 1001 356
 1.60396956 1 696 1047
 -1.0707021 1 1307 2104
 1.33405991 1 696 2324
 0.02886239 1 648 1151
 0.780888 1 1317 122
 0.73840738 1 1842 928
 3.61459018 1 2251 2297
 -1.1797808 1 467 2204
 0.16257408 1 2324 1267
 1.14837029 1 1877 456
 0.67806879 1 1469 109
 -0.4067648 1 943 238
 -0.3208212 1 1897 1471
 1.03288062 1 1822 1139
 0.82248575 1 985 1752
 -0.472674 1 1033 2414
 -0.9860258 1 2339 2093
 -0.7858856 1 1249 1060
 -1.1852217 1 2254 330
 -0.6261747 1 637 363
 -2.544951 1 912 1350
 0.67960094 1 264 2632
 -0.8682666 1 176 2296
 -0.8507471 1 964 858
 -0.6172761 1 406 545
 0.95092813 1 302 154
 1.09448235 1 439 1573
 -0.2835472 1 1719 1470
 0.63170542 1 2257 1665
 -1.1990303 1 472 51
 0.27721801 1 2368 637
 0.94448521 1 989 961
 -0.3536438 1 2297 769
 0.69316131 1 566 429
 0.51179783 1 1115 2728
 -0.1973635 1 837 1789
 -1.1992466 1 1365 1693
 0.86403575 1 117 1437
 -1.0583591 1 2118 2738
 -0.4499892 1 603 425
 -0.8535513 1 1157 2504
 -0.6811046 1 804 42
 -0.2554703 1 827 1920
 -1.4857335 1 93 1233
 -0.3256994 1 1024 1568
 -0.2948142 1 2300 153
 0.50538401 1 1406 541
 -0.0661438 1 997 1183
 -0.2535416 1 2447 864
 0.03892914 1 2399 2288
 -1.5194132 1 2518 1486
 -0.6391762 1 828 1992
 -0.1182209 1 1234 2313
 1.13434872 1 816 948
 -0.7842566 1 1546 1276
 -0.9219244 1 1548 442
 -1.0620881 1 1547 92
 -1.1992467 1 1142 347
 0.04808015 1 2428 1359
 -0.1019243 1 2063 1766
 -0.0801747 1 262 2396
 -0.3369451 1 1601 2077
 0.08617051 1 948 1068
 -0.4166581 1 307 657
 0.21888505 1 20 314
 -0.1047549 1 1789 129
 -1.6 1 2084 1585
 0.94903731 1 1567 1897
 -0.2500514 1 234 2618
 -1.2521783 1 2148 869
 1.02041337 1 806 1188
 -0.95157 1 2481 528
 -0.0615045 1 962 2612
 0.42995308 1 2145 2706
 -0.5834724 1 2246 1806
 -1.5116128 1 2225 1457
 1.84722671 1 1026 2013
 1.96972675 1 939 2493
 -1.0220148 1 1635 651
 -0.8688465 1 2057 972
 -0.5993192 1 236 752
 0.56781641 1 646 415
 0.18429353 1 2415 2486
 1.84566224 1 261 24
 -0.0927545 1 1378 1686
 -0.9177916 1 1649 1445
 -0.3341653 1 230 1794
 -1.0351488 1 231 2723
 -1.6049418 1 53 2368
 0.09741276 1 662 952
 -0.6832446 1 2027 625
 -1.0556669 1 2211 2274
 0.0696363 1 2010 1912
 0.3077951 1 920 1554
 0.45888334 1 1813 1582
 -0.4445733 1 46 141
 0.70018065 1 203 2588
 -1.118097 1 952 553
 -0.1475074 1 178 888
 -0.6700079 1 157 847
 -0.8029948 1 931 2070
 0.53049732 1 1352 2394
 -0.02255 1 2414 2125
 1.54371984 1 2381 1773
 -0.4091664 1 2102 1353
 -0.4246891 1 66 1699
 -0.0998608 1 77 8
 0.73426283 1 1610 341
 0.0544365 1 936 677
 2.96020756 1 2504 956
 -0.5389923 1 2484 2186
 -1.0438991 1 2273 2328
 0.16214252 1 817 1157
 -0.1484401 1 165 1478
 0.93461821 1 573 227
 -1.5882696 1 661 2690
 -1.986871 1 5 460
 1.40003006 1 252 1172
 -0.5239564 1 935 941
 -0.033954 1 1793 1271
 0.55228878 1 514 115
 -0.6288024 1 2065 245
 -0.1724143 1 609 573
 -0.4807446 1 1578 1368
 -1.45984 1 384 1755
 0.09328041 1 267 2105
 0.88161765 1 1262 2418
 0.39797524 1 2418 2099
 0.21559252 1 1874 1065
 -0.2360572 1 1182 670
 -0.6463179 1 820 20
 0.05252131 1 1202 370
 -0.2704038 1 448 644
 -0.0729971 1 909 37
 1.4719655 1 2350 1461
 0.19581423 1 2268 1812
 -0.8877577 1 721 2698
 0.10705195 1 1049 788
 -0.5346224 1 2151 875
 0.57825867 1 1639 863
 -0.4626377 1 334 2623
 0.04991869 1 1975 1890
 -0.2393455 1 134 1539
 0.38429718 1 724 1593
 0.31145082 1 388 560
 -0.4249854 1 2106 662
 -0.9346922 1 583 1063
 -1.372055 1 1832 745
 -0.9924655 1 1533 1363
 -1.433705 1 2457 1712
 2.08774649 1 1912 2800
 0.0614837 1 1313 352
 0.978237 1 1127 447
 -0.0225478 1 1215 2198
 -0.6662598 1 739 1987
 -0.8084796 1 2321 1166
 -0.7973066 1 769 1491
 -0.4816459 1 294 216
 -1.1449786 1 1390 2677
 -1.2398676 1 923 557
 -0.5976075 1 743 1161
 0.35911583 1 1797 2319
 0.38833079 1 945 2192
 -1.159196 1 311 1853
 1.68173211 1 2393 1283
 -0.1169578 1 1600 98
 0.10161634 1 14 2
 -0.4307756 1 1905 353
 1.40219635 1 2173 1362
 -0.0373958 1 674 1038
 -0.8111629 1 1381 2112
 -0.3551514 1 1349 2401
 -0.848277 1 1231 2082
 -0.6299682 1 35 1384
 0.09988273 1 505 322
 0.27615776 1 32 2578
 2.23156173 1 694 134
 0.22091571 1 498 1592
 -0.6986371 1 2310 1246
 -0.6933329 1 1266 1903
 0.034148 1 2353 2222
 -0.6337887 1 1824 2278
 -1.328275 1 585 1192
 -0.7080993 1 834 534
 0.41615994 1 1814 446
 0.87035361 1 315 2713
 4.77464109 1 833 1811
 1.62113165 1 1362 1672
 0.50588374 1 2132 2019
 -0.9842015 1 949 2168
 0.24356099 1 706 980
 -0.2326095 1 376 756
 -0.2144875 1 780 2489
 0.22004518 1 1890 1691
 0.71410475 1 1766 1451
 -0.5051999 1 2270 2734
 -1.0411551 1 1180 2374
 -0.6680687 1 1363 774
 -0.1358052 1 1506 1094
 1.0281447 1 579 874
 2.10281666 1 2047 2613
 -0.5880579 1 1491 1916
 4.03022272 1 2291 1561
 0.70256343 1 1228 1587
 2.97607057 1 132 2593
 -0.0518989 1 1156 894
 1.50614993 1 2205 455
 0.13613475 1 1336 114
 -0.2454371 1 1035 233
 -0.9851616 1 1830 568
 -1.0088859 1 2059 1144
 -0.9798172 1 1785 2003
 0.03270873 1 2039 2179
 -0.7267623 1 2227 1843
 -0.8857882 1 1343 1290
 -2.3082919 1 1416 1369
 -0.2521194 1 1439 359
 -0.4430582 1 2214 2126
 -1.4086806 1 711 2063
 -2.6235002 1 2331 1173
 -0.0325179 1 2215 142
 0.72476518 1 99 1572
 -0.0267132 1 434 1236
 -1.2896125 1 226 2229
 0.78066945 1 1775 2267
 -0.9592984 1 459 879
 -1.2698799 1 335 957
 0.4633728 1 684 768
 -0.5512269 1 298 2724
 0.75621673 1 2362 1687
 1.4474457 1 112 650
 -0.2428825 1 2322 1667
 -0.2315623 1 1514 1319
 -1.3640226 1 733 1818
 0.61038927 1 1667 2705
 -0.2555891 1 1449 2355
 1.26371744 1 2445 880
 -0.5905092 1 1323 868
 0.36386631 1 818 521
 -0.9474122 1 2506 668
 -0.1988985 1 271 2402
 1.72137598 1 270 2754
 0.45921501 1 269 1759
 0.80791431 1 95 1365
 -0.4935102 1 515 1717
 -0.707082 1 548 1
 -0.4997568 1 807 2704
 0.80800487 1 1379 1269
 -0.2327655 1 350 2524
 1.02306054 1 2420 1496
 -0.0640941 1 713 221
 0.32005239 1 695 128
 -0.0391291 1 2459 561
 -1.1162018 1 183 1995
 -0.1742532 1 1835 2325
 -0.1163361 1 396 2197
 -1.3597388 1 279 1862
 4.15603529 1 930 5
 1.17916309 1 2157 2116
 1.51021584 1 1820 2410
 -0.8687876 1 2407 1072
 -1.7358396 1 558 2722
 -1.0307828 1 1798 2373
 0.77661111 1 1829 770
 -0.1852446 1 1945 1088
 -0.4360243 1 2286 624
 0.49609411 1 544 2509
 -1.3735306 1 1800 1654
 0.46136606 1 1553 2592
 0.43374377 1 1520 885
 -0.1440383 1 1883 846
 0.03795215 1 1884 509
 0.00491475 1 1691 1872
 -0.7271698 1 465 1694
 -0.929159 1 435 12
 -1.7816852 1 2343 2475
 1.7541522 1 1907 673
 -0.7853719 1 2138 2415
 -0.456529 1 1646 2769
 -0.5412865 1 1367 796
 -0.2048174 1 462 1601
 -0.2516409 1 263 121
 -0.5341691 1 2187 239
 1.78563934 1 2334 1150
 0.66105868 1 1919 2185
 5.81339583 1 2166 1349
 0.87020179 1 233 1026
 -1.7920549 1 1328 2130
 0.04853391 1 1329 2441
 -0.7664092 1 2073 2069
 -0.5503295 1 133 848
 -1.652881 1 1961 1178
 -0.0129984 1 2013 544
 1.05635078 1 2412 147
 -0.8426649 1 2382 1913
 -1.5098205 1 512 2234
 -0.4315951 1 223 2273
 -1.334008 1 2274 962
 -0.4935311 1 991 434
 0.02874978 1 805 2729
 0.05339917 1 1374 261
 1.73780028 1 606 1074
 -0.8122232 1 2477 658
 -0.1408106 1 101 2606
 -1.0639716 1 2008 535
 -0.0960333 1 2278 525
 -0.1834845 1 51 1896
 -0.8435142 1 1242 1598
 -0.0869596 1 1398 1861
 -1.0814147 1 1749 1270
 1.38510709 1 982 1614
 -1.0983788 1 2243 97
 -1.3034399 1 1473 583
 0.51942355 1 751 1064
 3.24367259 1 1614 1379
 1.24560534 1 893 375
 -0.9182073 1 180 1012
 -0.971773 1 946 2139
 0.06745346 1 1607 2217
 -1.8259351 1 1347 2284
 1.02404465 1 90 1967
 -0.659903 1 793 199
 -0.7084199 1 1927 157
 0.61011758 1 1173 1225
 2.62167095 1 138 1926
 -0.2987377 1 2079 2010
 -0.7731238 1 395 2172
 -0.4701209 1 2125 419
 -0.9545475 1 1952 276
 0.74015142 1 2451 1423
 0.11702425 1 613 775
 -0.0740771 1 2018 630
 1.41670843 1 2005 289
 1.07936348 1 2356 52
 1.43131128 1 475 1659
 -1.8387306 1 1211 1309
 -0.260548 1 2329 1921
 0.98062712 1 1395 2257
 -0.5191486 1 2276 889
 -0.0396422 1 2400 852
 -0.6912707 1 140 2637
 -0.2500249 1 2312 16
 -0.602241 1 773 2481
 0.21728784 1 830 732
 -0.951884 1 696 2419
 -0.7971478 1 696 2772
 -2.6650183 1 825 2694
 -0.4984319 1 116 457
 -0.8157438 1 166 802
 -0.3941655 1 696 932
 -2.079891 1 720 593
 0.03409297 1 629 2538
 -0.5470084 1 1018 1976
 -1.0229274 1 1452 1878
 -1.213554 1 1067 1256
 -3.3932158 1 676 1606
 -2.638596 1 175 125
 -0.7013409 1 1770 574
 -1.9881302 1 2152 1156
 0.3767086 1 580 820
 -0.2653861 1 61 2329
 0.5628505 1 1192 335
 1.64905195 1 1761 1031
 -0.0363183 1 734 2134
 -1.7025912 1 15 2448
 -1.5923383 1 16 1671
 -1.2052652 1 1529 1323
 1.43947073 1 1238 1807
 -0.2597097 1 1346 782
 -0.0088671 1 188 1104
 -0.4076136 1 839 606
 0.00090877 1 1956 275
 -2.0522287 1 1023 64
 1.34872115 1 1451 167
 -0.174447 1 1322 1544
 -1.4389329 1 48 1934
 0.71220995 1 1888 2577
 -0.2587405 1 696 2241
 0.26190888 1 696 901
 -1.4814488 1 1663 830
 -0.6208609 1 999 494
 -0.4895411 1 2168 2747
 -0.6153893 1 1221 1765
 -1.2369008 1 993 1708
 0.28132187 1 1358 2804
 -0.6687433 1 107 686
 -1.1293648 1 932 1013
 1.8182684 1 1068 716
 0.45491047 1 516 2520
 1.01883748 1 2239 1991
 1.11655962 1 1102 1644
 -1.1525687 1 1229 1487
 1.04274761 1 1073 1830
 -1.579142 1 1245 2681
 -0.3044783 1 1467 468
 -1.0496438 1 1319 582
 0.72198895 1 2401 2307
 -0.6165899 1 94 2645
 -0.7978044 1 1306 1130
 1.68694313 1 344 2424
 -0.3945141 1 568 2779
 0.30148436 1 1677 717
 -0.0241606 1 1130 1891
 0.23573875 1 1389 495
 -0.3249317 1 239 1134
 -0.3954021 1 1674 2014
 -0.5556436 1 2137 2496
 -0.230196 1 1987 1299
 0.09234194 1 2058 424
 -0.2760132 1 1158 1339
 -0.2675945 1 2491 2133
 -0.2467035 1 1341 636
 0.98980538 1 1840 294
 -0.0864316 1 404 55
 -1.9032853 1 470 404
 -1.9422767 1 1515 1560
 -0.9215172 1 2377 1574
 -0.7665898 1 115 1927
 0.49815141 1 645 2597
 -0.8095194 1 605 2260
 -1.0973138 1 2496 895
 -0.7730663 1 74 857
 -0.9351949 1 1590 2641
 -0.4148982 1 1576 1149
 0.14531771 1 858 80
 0.02350026 1 1267 2537
 0.92491675 1 1943 695
 -0.265472 1 2052 1030
 -0.2018099 1 55 2121
 -0.6685533 1 1236 1724
 1.00323567 1 1122 1396
 0.99460503 1 106 389
 -1.7749423 1 1412 2272
 0.95480078 1 1258 1953
 -0.1341574 1 1954 1527
 -0.255354 1 1283 185
 -0.5889674 1 1191 170
 -0.0994935 1 487 2343
 -0.275811 1 340 2159
 -0.6846458 1 1826 984
 0.42205225 1 1208 1310
 0.17384014 1 1057 34
 1.00432511 1 2143 385
 -0.360067 1 1827 1327
 0.31448072 1 1721 2042
 0.24594094 1 881 1109
 -0.9507604 1 832 282
 -1.2434316 1 783 1549
 -0.8303735 1 43 2583
 4.13345786 1 1187 2246
 -1.1451085 1 1803 2397
 1.77302303 1 549 2755
 -0.9972255 1 1657 1416
 -1.4705948 1 244 1713
 0.09454156 1 1598 2459
 -1.1077383 1 497 2525
 0.10373715 1 1750 1649
 -0.4515918 1 2373 1492
 -0.5377874 1 1906 1834
 -1.4088933 1 317 2685
 0.51483469 1 872 2652
 0.58609876 1 1507 104
 0.17836945 1 2149 2548
 2.86302778 1 375 2108
 -0.2554258 1 1792 1735
 -0.2105025 1 2470 321
 -0.68426 1 1562 293
 -0.5689031 1 155 400
 0.37430122 1 617 1820
 -0.0863969 1 171 2156
 0.06733296 1 57 514
 1.7794163 1 696 2633
 1.30159165 1 702 180
 1.65523443 1 1778 2560
 0.40991706 1 1986 738
 -0.1080653 1 438 2762
 -0.4600484 1 2423 1751
 0.24002781 1 362 2440
 0.2394983 1 1784 936
 -0.6745415 1 2360 2532
 -0.9123714 1 160 75
 0.46008887 1 1806 1631
 0.03600252 1 612 1501
 -0.1080852 1 1710 1844
 -0.0160437 1 2003 1627
 -0.1213138 1 2302 86
 0.05863258 1 2515 1726
 0.24989792 1 368 1400
 0.2424756 1 2161 1746
 -0.4955211 1 1666 2768
 0.22543221 1 975 138
 -1.5866958 1 1143 477
 0.35622287 1 491 1240
 -0.2133733 1 1940 2556
 -0.2210056 1 616 1959
 -1.259158 1 633 1196
 -1.1827423 1 2499 1532
 -0.5329515 1 1194 191
 2.09505003 1 2341 85
 1.03287766 1 1129 1122
 0.11230486 1 1838 2163
 -0.6618983 1 1651 1823
 1.28206202 1 2305 390
 -0.5581288 1 284 1813
 0.15419047 1 327 2358
 -0.2801401 1 918 1113
 -0.809892 1 610 1424
 1.29961976 1 1760 524
 0.87477291 1 1963 2619
 0.49382886 1 2466 171
 -0.8442716 1 752 1555
 0.06579896 1 2320 1216
 -0.3972003 1 476 2589
 -0.2144886 1 363 2251
 -0.343163 1 1892 1226
 -0.4983187 1 1574 1356
 0.26456029 1 1992 1035
 -1.35569 1 2507 2430
 0.0138974 1 1599 2073
 -0.1671916 1 1175 1071
 -1.0724407 1 1502 308
 0.18479669 1 2031 2773
 -0.1446454 1 672 384
 -0.2445217 1 2016 472
 -0.0998447 1 186 2276
 -0.4071093 1 546 1960
 2.37250376 1 1383 252
 -0.2096953 1 710 1452
 -0.6747145 1 2328 2018
 -0.3371255 1 2309 2490
 -0.4414401 1 430 2164
 0.24562905 1 1021 1303
 -0.7367598 1 2248 29
 0.49219159 1 127 1678
 0.77047372 1 1123 1328
 0.16462102 1 381 1799
 -0.7997972 1 2232 2144
 0.99918429 1 1436 2363
 -0.0188633 1 1176 1098
 -0.8239835 1 2318 2610
 0.32136252 1 481 161
 0.48559348 1 849 1550
 5.56714626 1 1393 2584
 -0.3042467 1 2435 2247
 0.03884218 1 68 835
 3.69366045 1 1743 501
 -0.3309061 1 413 1770
 0.20717903 1 1334 1420
 1.89582112 1 1676 1702
 -0.6621619 1 1371 2464
 2.247318 1 680 680
 -1.1055503 1 489 1003
 -1.1160778 1 1776 724
 3.91758733 1 217 2189
 0.53957542 1 372 2513
 -0.5043292 1 352 1996
 -0.0297988 1 1617 1650
 6.99982477 1 124 1481
 -2.2195662 1 955 1827
 -0.1658498 1 1682 810
 3.02689043 1 1135 925
 -0.8544062 1 1224 1868
 0.2718852 1 2384 1265
 -1.3636525 1 1177 1610
 -2.8540088 1 1017 106
 -1.4368404 1 221 577
 -1.2961615 1 1597 1135
 -1.9292681 1 17 1048
 -0.1656029 1 300 2417
 0.20668926 1 407 2088
 0.39639791 1 354 1058
 0.29146907 1 758 327
 2.04269366 1 2141 2786
 -1.2468693 1 961 367
 2.86543402 1 1744 709
 -0.1065795 1 809 1884
 -1.8387545 1 319 2213
 -0.0126171 1 1926 2289
 0.48351433 1 1668 1179
 1.35816291 1 885 203
 -0.6753196 1 2490 152
 -0.142709 1 595 486
 0.10852695 1 2492 859
 -0.2843767 1 1730 1535
 -2.2804413 1 790 1597
 1.57710916 1 1908 1947
 -2.1920286 1 1550 2235
 -0.2233599 1 2370 987
 -0.1996971 1 770 743
 -0.8603434 1 692 2406
 -0.2590886 1 2021 2757
 0.02720992 1 1303 1756
 -0.1611689 1 907 1406
 1.91349282 1 2175 2797
 -0.418487 1 2429 2449
 1.06854442 1 479 693
 0.4292115 1 1076 601
 0.86108764 1 1729 1984
 -0.1687693 1 1559 1634
 1.97202752 1 696 1495
 -0.0475199 1 696 1838
 -0.0218536 1 1487 475
 -0.4559276 1 1050 559
 0.28955455 1 2494 1158
 0.01469485 1 1063 827
 -0.5015128 1 1974 2317
 -0.0601394 1 1186 2657
 -0.5432624 1 1631 1848
 3.44977684 1 525 1282
 0.28227255 1 800 1622
 -0.5440365 1 608 87
 -2.0073679 1 2433 351
 -2.4332095 1 2416 690
 -2.3607596 1 190 1039
 -0.4360649 1 759 2114
 -0.024854 1 1484 2436
 -0.3048516 1 1561 2079
 -1.7636731 1 1085 1727
 -1.5890461 1 486 1389
 -2.726182 1 1995 316
 -0.0091875 1 1949 2777
 -0.0158363 1 2269 133
 -0.4683257 1 209 917
 0.27259991 1 2430 2280
 -0.5688236 1 2049 1517
 -0.4347829 1 70 2711
 -1.5105432 1 696 257
 -0.5249304 1 2146 1458
 -0.3389332 1 2522 1127
 -0.5519791 1 39 2023
 -0.4518777 1 2124 2170
 0.27171562 1 189 979
 -0.3468481 1 2207 1308
 -0.2659491 1 2134 410
 0.76298809 1 313 315
 0.57125342 1 1197 33
 1.29681255 1 228 1805
 -0.0348693 1 91 2148
 1.75021321 1 41 2370
 -1.2526156 1 142 2048
 -0.037834 1 1523 1103
 -1.0647817 1 1524 613
 -0.5450194 1 1866 529
 4.59306045 1 2094 166
 0.01009396 1 2476 1581
 0.59010417 1 581 1930
 -1.1475909 1 587 2253
 -0.7647379 1 778 893
 0.26360255 1 1345 1220
 -0.0333385 1 1505 2392
 -0.2765675 1 303 2742
 0.32370227 1 632 1774
 -2.2525267 1 1560 1707
 0.4975072 1 501 2477
 -1.8029452 1 1522 1010
 4.25619711 1 1979 331
 1.35293453 1 371 2789
 -0.4394427 1 159 362
 0.5535778 1 401 710
 3.76294077 1 2277 2129
 -0.5264894 1 1796 2446
 1.09097683 1 1252 1718
 0.41684304 1 528 1405
 -1.6593387 1 2233 1503
 0.69849652 1 1136 209
 -0.8325105 1 2210 145
 0.26220237 1 1490 483
 0.64802662 1 2357 1234
 -0.1233328 1 1603 2261
 -0.5355866 1 2453 430
 -0.2901661 1 1572 76
 -0.3697776 1 403 1438
 -0.8186975 1 1299 1114
 -0.2008854 1 1968 2032
 -0.269653 1 383 2349
 -1.0191701 1 1531 2153
 1.73670535 1 1735 990
 -0.2835065 1 453 1081
 -0.0292205 1 696 638
 -0.5067127 1 819 300
 -0.0019476 1 677 41
 -0.2704472 1 2315 395
 0.2201787 1 19 1817
 -0.9112796 1 1736 2152
 0.90990338 1 1532 2350
 3.08166412 1 696 2033
 4.16127999 1 696 1199
 -0.5902501 1 696 519
 1.03207511 1 696 2627
 -0.3392794 1 696 179
 1.22630291 1 696 1541
 1.91252028 1 1707 1204
 -0.0143756 1 696 1952
 2.0879085 1 382 2566
 0.3758728 1 445 2239
 0.29767422 1 2062 666
 0.70470912 1 524 991
 0.60717963 1 1496 746
 0.19751218 1 1774 2761
 -0.8014497 1 2194 1760
 -1.1889732 1 2074 1421
 -0.2354536 1 1708 2062
 0.03043858 1 1970 450
 -0.2167859 1 696 787
 -0.2720011 1 696 620
 -0.7385232 1 696 69
 -0.3704282 1 696 1640
 0.49786233 1 696 1500
 -1.1309767 1 696 1842
 -0.9495637 1 696 2573
 -0.6421801 1 1325 565
 -2.091815 1 1595 836
 -1.0630332 1 1571 2323
 -0.1050803 1 1069 2661
 2.08635023 1 1107 1855
 0.56414003 1 2364 1508
 -0.3456822 1 2352 93
 0.20493063 1 1552 2801
 0.50381089 1 76 694
 0.27240466 1 1459 1044
 0.05054255 1 1807 2119
 6.96127209 1 2097 2439
 0.10493294 1 370 2089
 0.39118353 1 1480 1732
 0.19563249 1 2095 1395
 -0.3608117 1 361 217
 -0.1276267 1 347 136
 -0.8415901 1 622 476
 1.23953094 1 149 1244
 0.42584569 1 2088 921
 0.06494925 1 696 2290
 -0.0163062 1 696 1973
 -0.0212874 1 2035 1191
 -0.5143934 1 696 1525
 0.24283194 1 696 2590
 0.63828029 1 696 2252
 -1.2763924 1 696 887
 -0.0315632 1 696 1214
 1.53930868 1 696 505
 -0.3072314 1 696 2640
 -0.2857844 1 696 189
 -0.1887752 1 696 1519
 -0.4228977 1 696 1193
 1.01912621 1 696 1957
 -0.5144966 1 696 2041
 1.51554362 1 696 2470
 -2.4876892 1 696 676
 0.01431023 1 1092 1000
 0.06513795 1 926 728
 -0.2907831 1 500 1740
 -0.3515214 1 96 1391
 -0.292027 1 696 591
 -1.636966 1 696 84
 0.24512715 1 696 1624
 -0.8022446 1 696 1506
 -0.2758595 1 696 1605
 0.7451129 1 696 110
 -3.897201 1 696 2557
 -0.5681574 1 696 572
 -0.4887457 1 696 2332
 -0.0761226 1 696 2670
 -0.1989663 1 696 1839
 -0.444955 1 696 1373
 -1.3313715 1 2196 2793
 0.39949709 1 635 368
 -0.4402865 1 623 1023
 -0.6830151 1 1037 1507
 0.42682512 1 696 212
 0.25423278 1 696 2662
 0.1072081 1 696 487
 0.82214287 1 696 909
 -0.4438158 1 696 2233
 1.63570131 1 696 2564
 2.11232949 1 696 1942
 -0.709206 1 696 1289
 -0.0175442 1 696 435
 0.25181633 1 696 81
 -0.0224551 1 696 265
 -0.021968 1 696 598
 -0.5816165 1 696 1121
 2.28428467 1 1400 2354
 -0.5547023 1 1428 2157
 -1.1284894 1 1494 645
 -0.366159 1 125 309
 -0.3145013 1 1199 46
 -1.5419341 1 104 399
 -0.4411902 1 469 1316
 -0.5868137 1 2147 2155
 -0.0377215 1 2409 878
 0.9555955 1 2180 1203
 0.2941291 1 224 522
 -0.2279014 1 1645 2631
 1.00342256 1 1854 1557
 -0.0036076 1 1210 1212
 -0.3733486 1 1993 1958
 -0.9839192 1 1686 669
 -0.3047248 1 339 997
 -0.5101627 1 1542 749
 1.63169958 1 2462 401
 -0.9053266 1 1022 1771
 -1.347762 1 2468 1428
 -1.4434874 1 726 1716
 -0.5456896 1 1121 2072
 -1.1895693 1 1859 2078
 -0.8895119 1 1756 1731
 0.49979609 1 1632 1383
 0.01551365 1 210 1734
 2.09321689 1 1581 721
 -0.2015632 1 473 2463
 -0.8372148 1 2022 1963
 -0.0283425 1 1059 1187
 -0.6255646 1 247 1514
 -1.4380022 1 1046 196
 0.48369032 1 1889 499
 1.64073637 1 1327 896
 0.15263351 1 1137 2245
 0.8887433 1 2292 2337
 0.27960855 1 121 2169
 0.17585871 1 2311 1831
 0.26567672 1 1833 1300
 -0.195794 1 1196 416
 0.55612325 1 1660 61
 -2.2877267 1 852 281
 0.04543783 1 2098 611
 -0.8478393 1 2092 2046
 0.16289352 1 1625 2138
 -1.2854473 1 1609 2369
 -0.8554974 1 1944 1093
 -0.9851818 1 1795 54
 -0.4257601 1 1671 409
 0.39617714 1 1985 1304
 -0.6925463 1 2524 1925
 -0.3629735 1 2394 2240
 0.09595471 1 857 2262
 -0.1997634 1 2083 510
 -0.2920338 1 2099 168
 -0.5945322 1 2452 194
 0.49929159 1 75 1528
 -0.0303105 1 2077 1698
 1.23067535 1 87 2047
 -1.2373261 1 1722 2476
 -0.3930028 1 1871 2149
 -0.1457232 1 477 1004
 0.43822421 1 1270 740
 0.06998417 1 1368 386
 -0.6563196 1 719 312
 -1.3709699 1 274 1402
 0.38392421 1 763 1477
 -0.693804 1 81 1822
 -0.0252708 1 64 2691
 -0.0252736 1 2402 2344
 -0.9417335 1 1976 801
 -0.9931789 1 1090 91
 -0.2664193 1 519 1629
 -0.65093 1 201 1611
 -1.8792029 1 655 116
 -0.9521806 1 2371 2567
 -0.9492446 1 86 914
 3.42261142 1 1611 817
 -0.924561 1 588 2676
 -1.0448722 1 2089 1747
 0.57410386 1 2101 1723
 1.1841327 1 696 715
 -0.0361859 1 192 1027
 -0.6752905 1 2525 696
 -1.1098573 1 1495 2454
 -0.495561 1 297 2795
 0.53826812 1 591 1977
 0.68124907 1 1930 1177
 0.10811222 1 2500 1511
 -0.8228365 1 850 2671
 -1.921121 1 89 493
 -0.2717404 1 1675 1237
 -2.2060854 1 2051 2237
 -1.4832916 1 696 2571
 0.33979744 1 73 1540
 -1.4928562 1 108 1211
 0.17115506 1 1510 2256
 -0.3174929 1 934 2238
 -0.88592 1 1652 905
 -0.1691223 1 100 1228
 0.01247735 1 322 2455
 -1.2803912 1 1613 2135
 -1.1922459 1 1752 1017
 -0.6844246 1 139 711
 -0.946763 1 1281 371
 -0.6060845 1 163 2784
 -0.4263147 1 390 63
 -0.314754 1 598 1639
 -0.2287713 1 2120 2678
 -0.6718092 1 696 812
 -1.1069701 1 639 1133
 2.65633599 1 1718 578
 -2.001852 1 1161 2551
 0.21777728 1 1647 1854
 -0.5164203 1 356 1512
 0.23134153 1 1545 1618
 0.29337081 1 484 1966
 -0.9435197 1 722 2544
 0.59248161 1 1431 2778
 -1.348455 1 941 1736
 -0.2629542 1 843 1739
 -0.059121 1 1392 2776
 -0.0358692 1 2388 727
 -0.5712246 1 1386 1005
 0.16568976 1 2158 682
 0.07612292 1 364 2552
 -2.5446954 1 2006 1968
 -1.9591615 1 700 1615
 0.35450174 1 835 1518
 -0.7773221 1 925 200
 -0.1552519 1 2493 2647
 -0.7637227 1 1503 504
 -0.7119537 1 2038 839
 -0.0227817 1 1662 903
 0.799219 1 762 2012
 0.08770541 1 402 2341
 0.0929145 1 1654 2173
 2.23361235 1 1737 1643
 1.56410865 1 1653 66
 -0.5605975 1 666 286
 -0.2095745 1 654 1014
 -0.1799146 1 1163 2145
 -0.8160102 1 355 2375
 -0.6653408 1 1188 2052
 -0.4172954 1 394 1099
 0.8450792 1 796 1415
 -0.1144821 1 3 287
 -1.2424 1 811 2748
 -0.6715823 1 658 414
 -0.3557242 1 1218 1221
 -0.020967 1 705 1425
 -0.883456 1 1858 1011
 0.03678946 1 1103 396
 -1.3052964 1 365 320
 -0.2094787 1 36 701
 -1.2189864 1 84 2792
 -1.0218909 1 1455 1750
 -0.7093247 1 1200 2764
 0.22797393 1 345 2411
 0.06673557 1 1320 737
 0.69094339 1 2422 913
 -1.7477948 1 1773 2228
 -0.6902634 1 378 2559
 0.16407771 1 1437 1531
 0.91538437 1 26 181
 0.94482786 1 325 2634
 -0.6177144 1 1563 512
 -0.0439974 1 216 1120
 2.6273817 1 532 797
 0.83010855 1 1549 1313
 0.94130348 1 237 1658
 -0.46802 1 161 48
 0.82862364 1 1174 292
 -0.406549 1 1698 1320
 -0.5882197 1 447 998
 1.18316656 1 44 2150
 -0.6946812 1 507 2480
 -0.5968551 1 553 2037
 -0.3457716 1 80 1108
 -0.7706295 1 1544 1430
 1.37519488 1 1476 507
 -0.1254056 1 2072 1922
 0.69600712 1 411 1232
 0.95017809 1 990 489
 -0.7048481 1 826 2753
 -0.5890961 1 2170 1412
 -0.0049291 1 1955 2465
 -1.198933 1 1468 1343
 1.77653092 1 1924 377
 0.13643441 1 1132 70
 -1.2313464 1 2086 1645
 -0.3464812 1 1441 1833
 -0.0498056 1 1938 1138
 0.78411291 1 1213 585
 0.26433538 1 2272 496
 -0.4255532 1 1472 2651
 -1.2083244 1 542 1863
 -0.2020331 1 1896 1520
 -0.3182551 1 900 1623
 0.99636585 1 540 1971
 -1.3676357 1 709 2549
 2.01893685 1 1771 2218
 0.44259735 1 1332 2785
 -0.4991051 1 136 1741
 -0.5852116 1 18 1390
 0.70719761 1 2348 2781
 0.1045829 1 803 2426
 -0.0248275 1 1424 731
 -0.2011356 1 1456 1042
 2.44046471 1 966 920
 -1.276132 1 194 2221
 0.97151161 1 1658 1972
 -2.7087869 1 2521 1619
 -1.3219005 1 1287 1526
 -0.2887179 1 1288 204
 -0.0136372 1 1056 2663
 0.53707678 1 59 508
 -0.0032826 1 1819 845
 -0.9534155 1 1178 184
 -0.3448323 1 510 520
 2.01921562 1 1758 1197
 -1.3358132 1 1521 1951
 0.79026771 1 2303 2226
 1.0948012 1 1235 1907
 -0.2434886 1 1417 1239
 2.69227024 1 699 1318
 -0.7926442 1 1726 391
 -0.7518911 1 251 2767
 0.41908826 1 638 303
 -0.1246106 1 1470 1397
 -0.87035 1 441 1076
 0.13678689 1 1109 2122
 0.01835868 1 2514 262
 -0.8155322 1 353 1628
 -0.4335449 1 2153 1287
 0.10086287 1 1899 824
 -0.6429527 1 357 912
 0.3250669 1 746 821
 0.02551285 1 349 482
 -0.1118366 1 685 1630
 -0.087702 1 408 1981
 -0.3631656 1 882 2533
 -0.7488647 1 400 2205
 0.84943773 1 601 700
 1.23474507 1 511 1025
 -0.8717778 1 109 712
 -0.6110896 1 2347 2438
 0.53299521 1 2000 2796
 -1.0155123 1 2526 1370
 -0.2724306 1 379 1754
 -1.0246705 1 52 569
 0.65502302 1 599 2565
 0.02903329 1 715 1948
 -0.2043342 1 2271 1877
 -0.4671164 1 2080 260
 0.3999848 1 385 807
 0.11264577 1 1000 2346
 -0.5341127 1 338 2043
 0.45636825 1 611 1435
 0.11646102 1 219 270
 -1.318196 1 374 186
 0.5300965 1 1500 513
 -0.7903278 1 1074 1235
 -0.9279778 1 308 1565
 0.77990937 1 454 405
 0.49203701 1 1007 1089
 -0.0863185 1 250 2055
 -0.5174628 1 718 2472
 1.99768475 1 2503 2141
 0.25500673 1 1414 1022
 -0.0223728 1 1988 2780
 -2.1106055 1 821 2428
 -1.0194736 1 13 714
 0.68564069 1 607 687
 3.85843123 1 1709 1709
 -0.6229154 1 242 1764
 1.50270429 1 2060 1852
 0.00993246 1 1240 492
 -0.0125356 1 978 902
 -1.1180137 1 1508 558
 -1.503832 1 427 1935
 1.34202464 1 903 1588
 -0.3318481 1 2465 1543
 -1.1376543 1 1010 65
 -1.0148316 1 1989 2526
 0.54478063 1 4 605
 -0.1749649 1 2001 2357
 -0.4532272 1 1376 2703
 -0.0925917 1 1072 1808
 -0.4493957 1 47 1321
 0.08586203 1 493 290
 -0.4957192 1 951 2756
 -0.2962811 1 2497 2158
 0.20331536 1 1981 2485
 -0.6492135 1 2366 1210
 1.21702814 1 2179 172
 -0.7490579 1 570 190
 -0.0910928 1 2424 1200
 1.36596766 1 1990 2231
 0.08754667 1 360 1917
 -0.1377079 1 1642 996
 -0.424623 1 1841 1322
 3.51847376 1 275 38
 -1.1548585 1 714 307
 0.46241104 1 471 1407
 -0.2696478 1 574 1085
 -1.8028183 1 667 2388
 0.22688562 1 2024 2131
 3.70403794 1 731 795
 -0.1480141 1 254 1119
 0.28436189 1 801 594
 -0.9028901 1 1181 279
 0.60497815 1 211 433
 -0.7398695 1 2316 1295
 -0.70755 1 212 1846
 -0.016567 1 496 2184
 0.09961451 1 25 2230
 -0.1150985 1 1622 825
 0.48803677 1 1 490
 1.50703281 1 1834 2666
 0.91183358 1 901 211
 -0.150369 1 1032 1983
 -0.7215498 1 772 2539
 0.63184265 1 1433 2442
 0.95241201 1 1539 704
 -0.0943682 1 2189 1029
 -0.5225379 1 1875 720
 1.53923834 1 449 2447
 0.00166333 1 1621 2799
 0.00463382 1 1201 1722
 -0.2537029 1 2122 1387
 0.49351389 1 2469 1758
 -0.2541442 1 2379 2102
 -1.2145187 1 2116 2667
 -0.8713314 1 2117 481
 -0.5108858 1 1350 819
 0.40271043 1 2245 915
 -0.2319967 1 193 579
 -0.0467865 1 2244 2572
 -1.0721495 1 265 1954
 -0.2763296 1 1434 1602
 -1.0913142 1 1885 1534
 0.05764892 1 215 1885
 0.00312701 1 1064 2242
 -0.0135668 1 2085 1928
 -0.9452738 1 2406 1224
 -0.3424645 1 490 1553
 0.23804081 1 1478 158
 0.06242539 1 2508 198
 -0.515534 1 197 533
 -0.0066638 1 2485 1185
 0.2463525 1 1948 2283
 -0.1978578 1 750 2367
 1.29373672 1 2464 2140
 1.72877238 1 2439 1009
 0.66510111 1 1237 1331
 -0.3801366 1 1397 376
 0.63299392 1 560 25
 1.38176621 1 1164 324
 0.99144285 1 848 1380
 1.68904911 1 1479 2086
 -0.0308104 1 1716 2167
 -0.1461929 1 1852 2338
 -1.4526432 1 329 2015
 -0.1477982 1 824 584
 0.87837527 1 1855 249
 0.69801475 1 2011 103
 0.6176814 1 1998 445
 -0.9171112 1 1407 2223
 -1.2688133 1 2455 919
 0.48340723 1 1535 1245
 0.37579065 1 1261 469
 -0.0118149 1 2395 2680
 -0.0711205 1 745 1162
 1.81720574 1 2284 2076
 0.48247665 1 2285 2431
 2.81098775 1 377 722
 -0.0596558 1 321 1037
 -0.8411242 1 358 348
 0.0805215 1 866 1719
 -0.1878481 1 2174 1510
 0.50477163 1 332 1860
 1.30940303 1 1914 2653
 0.1284954 1 1463 829
 -0.1567108 1 1637 906
 -1.5490669 1 1659 562
 -1.3822822 1 775 2576
 0.60203708 1 1769 1594
 0.02101578 1 1429 1298
 -0.9070692 1 517 1638
 0.82491099 1 314 2528
 4.04451216 1 2280 612
 -0.1328242 1 2308 944
 -0.2507203 1 1882 783
 1.35605304 1 2359 2361
 1.84256716 1 2359 2712
 0.83462603 1 1881 1814
 -0.5559309 1 2421 1411
 1.73341085 1 1051 295
 0.08580546 1 1071 2758
 1.15511693 1 669 744
 -0.0159795 1 1816 985
 0.71083241 1 1587 663
 -0.3978191 1 442 2488
 0.06787299 1 1020 2026
 2.3156612 1 229 1215
 -0.019934 1 2090 1538
 -0.1504145 1 458 182
 0.40500517 1 698 195
 0.20692221 1 2306 523
 -1.2198985 1 1385 1205
 0.06446525 1 255 876
 0.15259281 1 1475 2271
 0.01143754 1 2489 1326
 -1.0035702 1 1656 49
 0.52121776 1 1399 313
 0.09082773 1 531 1414
 0.39419129 1 425 1090
 0.49456211 1 1862 2393
 0.24741237 1 1616 207
 -0.9116409 1 545 2659
 -1.0410844 1 626 485
 -0.2802545 1 483 826
 -0.7387654 1 206 2568
 -0.276481 1 1016 1940
 -0.1497524 1 1753 1596
 -3.43943 1 1942 1536
 1.51891275 1 697 1632
 -0.4449571 1 2323 73
 0.39334027 1 1923 267
 -0.4928048 1 1811 599
 6.46988237 1 1618 1112
 -0.1700556 1 1373 790
 0.29332352 1 1591 1403
 -0.5187937 1 1787 2760
 -0.5303589 1 2417 397
 0.32383116 1 1696 1315
 0.29374376 1 23 989
 -0.0980458 1 266 2482
 -0.3492535 1 520 2030
 -0.0030947 1 2419 1115
 1.47865986 1 2178 1201
 -0.2109998 1 2487 178
 -1.1179992 1 2479 177
 0.57061843 1 624 1202
 -0.702325 1 2228 1943
 0.01777463 1 464 2263
 -0.2148869 1 1461 1915
 -2.1840429 1 280 988
 0.12422159 1 1880 398
 -0.1691898 1 604 2759
 0.44188935 1 461 296
 -0.6662447 1 1565 1404
 -0.4819424 1 1688 1084
 0.12915076 1 561 2059
 0.25038767 1 647 2444
 0.18166969 1 2226 2128
 -0.1852459 1 2136 789
 -0.1351329 1 870 600
 -0.6669885 1 1869 268
 -0.3698771 1 652 71
 -0.9018803 1 865 1294
 1.18688106 1 2056 2181
 1.24213574 1 62 563
 -0.4233033 1 366 205
 -1.1080556 1 144 1505
 -0.0171625 1 2337 1625
 1.4707601 1 1528 1979
 0.01205688 1 630 2451
 -0.5346965 1 1099 691
 2.35382433 1 2319 1034
 -0.9506785 1 1977 708
 -0.0768332 1 2351 2433
 0.45477549 1 131 2787
 -0.3596197 1 1062 1375
 0.09145003 1 2081 1742
 -1.0080701 1 1848 2770
 -4.6574e-6 1 1450 2673
 0.20546663 1 1554 473
 0.4061542 1 904 2553
 -0.3832851 1 1790 1521
 0.58952244 1 1342 1874
 -0.1919326 1 668 89
 3.76994043 1 1413 254
 2.3106493 1 927 588
 -1.007498 1 2195 1125
 -0.1255217 1 380 805
 -0.1694728 1 678 2162
 -0.0048915 1 747 1825
 0.43683587 1 1296 1305
 0.86900135 1 1969 1656
 2.7724352 1 791 2468
 -0.4492499 1 170 1002
 -0.7045516 1 2236 1325
 -0.9935203 1 1271 383
 1.43137981 1 2202 2774
 -0.13216 1 1167 1069
 -1.1117185 1 1901 2074
 0.93178265 1 1171 2161
 -0.8580526 1 911 804
 0.54386223 1 2 1124
 0.07461191 1 1973 589
 2.11664265 1 2150 255
 -1.2447717 1 696 88
 0.48878981 1 1541 1620
 -0.2134166 1 1149 1280
 0.68261004 1 768 1849
 0.17522884 1 1566 1956
 -0.8048521 1 1131 2555
 0.89283612 1 326 2225
 -0.2062767 1 1387 814
 -0.0009693 1 1815 474
 0.99823245 1 1715 2672
 0.21515034 1 2231 215
 -3.2022762 1 642 1493
 0.05116707 1 218 1635
 0.47269579 1 2475 1725
 -0.2217136 1 2078 2788
 1.21955855 1 1891 2434
 -1.1687393 1 2198 707
 -0.7199816 1 1575 1033
 -0.320185 1 944 692
 7.07550171 1 1338 2798
 -1.151751 1 135 1715
 -0.9291158 1 287 1504
 -1.8105675 1 359 1847
 0.28446333 1 92 2669
 0.13145221 1 2486 491
 6.44671193 1 2375 908
 -1.1533933 1 742 564
 -1.150341 1 1139 2574
 0.5243664 1 1679 1945
 0.0020433 1 336 1604
 0.76045945 1 429 1293
 0.35344354 1 1687 1636
 -0.4583137 1 1276 78
 -1.8080928 1 1344 2529
 -0.1188585 1 83 602
 0.71618542 1 285 1117
 -0.3688628 1 173 813
 0.68194564 1 704 2351
 2.16089465 1 2437 2708
 0.07192737 1 98 1816
 -0.685707 1 451 1083
 0.46428573 1 389 298
 0.24479793 1 792 2771
 0.41412028 1 1304 402
 -1.1150282 1 802 741
 0.86570173 1 2519 994
 0.39051607 1 2185 2035
 -0.6434808 1 1498 1944
 -0.1376786 1 386 1206
 0.04676062 1 902 517
 -0.3080241 1 1134 188
 -1.0404085 1 992 515
 2.1136471 1 214 1208
 -1.8797227 1 1868 882
 0.28082344 1 845 2232
 -1.7698242 1 846 992
 0.14666953 1 1243 1314
 -1.0729668 1 1837 403
 -0.2560225 1 844 2765
 -0.4638469 1 185 301
 -1.2628403 1 1967 1409
 1.83410307 1 814 1092
 -0.6453906 1 1779 2065
 -0.1283478 1 1458 2381
 -1.7693888 1 874 2352
 -0.0085277 1 2509 792
 2.98691071 1 2208 1116
 -0.2797661 1 2398 603
 -0.3920703 1 1119 280
 0.99144178 1 628 77
 -0.5162167 1 348 1633
 0.78582369 1 755 1297
 -0.5490029 1 1315 1840
 1.80271384 1 1351 2188
 -0.5219979 1 2471 1962
 0.60073728 1 1474 1612
 -1.6226766 1 6 1875
 -0.962797 1 260 2643
 2.43805845 1 988 506
 0.48819326 1 1582 837
 0.9013198 1 2155 891
 2.3840493 1 972 551
 0.49120714 1 737 2585
 -0.7001644 1 1909 2683
 0.08466446 1 906 1828
 -0.0022721 1 1764 1302
 0.02392416 1 1511 1647
 -0.0040273 1 1936 2518
 -0.0118643 1 2100 615
 0.12734469 1 735 1096
 -0.8038234 1 2040 2364
 0.19014647 1 1703 2462
 -0.045945 1 2234 2050
 0.19317467 1 2212 1705
 5.59566256 1 1419 1418
 -0.8719445 1 146 284
 0.05823103 1 910 2745
 -0.7354608 1 1810 412
 2.14890162 1 2224 750
 0.11450222 1 2327 977
 2.81339059 1 916 2244
 0.26309568 1 2363 2249
 -0.3617038 1 1934 1932
 -0.3972998 1 1670 1219
 3.01861034 1 1728 1546
 -0.9168174 1 712 164
 -0.4892403 1 1421 192
 -0.3416258 1 2029 526
 -0.002992 1 1755 1189
 -0.1877901 1 199 2045
 0.07252129 1 1680 2359
 -0.6692017 1 2397 2146
 0.13985174 1 2275 1006
 0.1609129 1 2109 1329
 -1.3069463 1 2108 388
 -0.8819544 1 2461 32
 -0.4132569 1 2390 310
 0.98166335 1 2389 1388
 -0.7337562 1 1847 1824
 -0.0320046 1 785 2165
 -0.4447136 1 2075 2342
 -0.4892448 1 1169 2021
 0.02133741 1 1733 592
 -0.4895982 1 1734 269
 -1.0260694 1 2338 95
 3.73287795 1 1861 441
 -0.1213494 1 659 1286
 0.76070979 1 1519 1608
 -2.0232349 1 337 1961
 0.01377396 1 2482 2227
 -0.8011085 1 2171 916
 -0.0201636 1 673 1243
 1.64718914 1 1910 479
 -1.8834233 1 460 219
 1.38205116 1 198 1498
 1.79432758 1 1388 1728
 -0.5262894 1 145 2790
 -0.0156487 1 2342 698
 0.67071128 1 1983 354
 -0.0019743 1 958 2802
 0.2896858 1 1183 1720
 -0.2910307 1 1184 1626
 0.15422346 1 1732 1850
 0.39444992 1 823 2675
 -1.0862898 1 1292 498
 -0.3263276 1 1843 911
 -0.1138393 1 954 2581
 -0.067515 1 1933 123
 0.60668525 1 10 1841
 2.50205603 1 1055 1642
 -0.8254886 1 2523 83
 -0.4145457 1 85 2543
 -0.0088997 1 56 610
 -0.5151693 1 794 816
 0.44362634 1 2528 2356
 -1.1347367 1 1029 2715
 -0.5699461 1 2177 1408
 4.34063318 1 278 1086
 -0.015376 1 1212 2057
 0.08732343 1 2426 2132
 -0.582986 1 1570 1020
 1.36778706 1 1627 365
 0.3591302 1 1277 18
 -0.0657422 1 847 328
 -0.8537627 1 2372 1296
 0.63084593 1 1947 1836
 0.3991441 1 2513 2175
 -0.0108779 1 156 2333
 -0.2614324 1 316 1136
 -0.7402713 1 1279 576
 -0.1882049 1 2293 242
 -1.0183679 1 2383 107
 0.04712699 1 2218 201
 1.22377036 1 1041 1509
 -0.0305293 1 253 1182
 -0.783612 1 164 1970
 -0.9183789 1 2082 2541
 -0.1676771 1 942 926
 -0.2597866 1 1809 1253
 -1.3398314 1 696 462
 1.69662529 1 1298 2687
 -1.3668024 1 21 1729
 -0.1948219 1 2119 1377
 -0.0962881 1 1230 1738
 -0.8204295 1 1693 2084
 0.23343708 1 696 1045
 -2.4321599 1 696 679
 -2.2071289 1 696 343
 0.12548816 1 1141 2550
 3.28233949 1 696 1616
 1.7658995 1 696 1516
 0.31929133 1 22 1882
 -0.2126639 1 1685 2656
 -1.0581358 1 2087 2305
 0.20002947 1 730 898
 -0.4135944 1 1517 556
 -0.4248922 1 696 2688
 1.79336427 1 696 1832
 -0.7244623 1 696 1483
 4.44794613 1 696 1652
 1.71471317 1 696 58
 -0.4000369 1 2135 621
 1.07712685 1 696 959
 -0.8473037 1 1971 777
 -0.7223025 1 2042 2142
 0.50797686 1 556 2467
 0.05304301 1 696 2053
 0.07130117 1 921 1768
 0.0471463 1 1962 2751
 0.07207366 1 1772 418
 -0.021491 1 1217 754
 0.01554418 1 1555 2254
 0.6122184 1 1643 1936
 -1.5425648 1 696 1222
 0.67628231 1 1782 2615
 0.40810129 1 696 531
 -0.0331929 1 696 2049
 -0.0130522 1 1763 2365
 -0.2709533 1 696 1015
 0.34168342 1 182 1335
 -0.1613225 1 1244 394
 -0.6794518 1 1052 45
 -0.3023948 1 1204 318
 1.17897635 1 1928 660
 -0.5620774 1 2066 1306
 -0.8510253 1 1534 2171
 0.00176454 1 1799 2345
 -0.5114004 1 1665 1128
 0.25670478 1 1326 597
 0.04573213 1 2260 274
 0.41888717 1 409 101
 -0.0222889 1 950 443
 -2.6135037 1 696 910
 -0.9407593 1 886 566
 0.96226064 1 696 2563
 -0.4561411 1 1223 118
 4.5541612 1 2219 1533
 -1.8746395 1 696 1881
 0.58267222 1 1857 2291
 -0.5306627 1 600 854
 0.46810965 1 868 939
 -1.2225115 1 1105 793
 0.78492336 1 299 2348
 2.10916464 1 2374 1819
 -0.0307036 1 1594 44
 -0.153668 1 2520 2501
 0.37327592 1 1124 640
 -0.130234 1 123 735
 -0.7034399 1 777 2478
 -1.0366907 1 2425 2034
 -0.8827401 1 2307 1692
 -1.2142796 1 859 1440
 -0.0526665 1 1929 1781
 -0.012067 1 2112 511
 -0.6777617 1 1005 1207
 -0.4973346 1 1093 883
 2.3145786 1 2255 2259
 -0.1911679 1 1644 2599
 0.32840914 1 1312 1918
 0.01317833 1 474 1230
 -2.5665929 1 547 1564
 -1.0907516 1 1538 150
 -1.1133317 1 2222 2600
 -0.8404313 1 1155 291
 -0.088149 1 2019 1097
 -0.4916709 1 2104 2060
 4.77801216 1 2434 2377
 -0.9448022 1 2221 2137
 -0.3608023 1 781 1788
 -0.8881715 1 1870 1341
 -0.5196288 1 2358 380
 -0.263155 1 1738 68
 -1.598484 1 889 422
 0.36629438 1 1152 967
 0.30334668 1 696 2177
 -0.2533919 1 1705 2336
 1.78505871 1 696 2008
 -0.4972758 1 1370 1141
 0.64711974 1 1405 1467
 -0.6893315 1 1794 248
 3.52172497 1 2501 2655
 2.76696854 1 2176 206
 0.46682202 1 2495 1513
 -0.5063139 1 1846 1195
 0.70130271 1 2209 1974
 0.10012401 1 2436 2286
 -0.1352203 1 1580 2215
 0.87832547 1 1727 930
 -1.0481723 1 2380 466
 0.07991092 1 2216 373
 -0.512709 1 1166 2783
 -0.5083054 1 24 1733
 0.00077334 1 2344 1382
 -0.531063 1 915 1743
 0.30441187 1 2192 2090
 0.18289328 1 1331 2421
 1.9976548 1 2114 1050
 0.76392397 1 937 689
 0.88292557 1 1356 580
 -0.7605856 1 1189 2554
 0.03129898 1 1377 100
 -0.7118815 1 122 1621
 0.19745754 1 1697 1522
 0.51015815 1 1012 1889
 0.32693345 1 551 2660
 -0.183965 1 550 2316
 -1.0880959 1 246 842
 3.52432386 1 2346 1167
 0.47722161 1 1148 808
 0.00209873 1 1742 2340
 -0.7156422 1 1042 1837
 1.03996646 1 2441 1494
 0.56554137 1 2009 1657
 0.32020511 1 890 62
 0.09219055 1 963 2536
 -0.6818408 1 983 628
 0.55207143 1 994 964
 -0.1587632 1 527 35
 0.36252071 1 749 305
 5.25046061 1 1114 661
 0.61634267 1 2502 1073
 -0.2429716 1 2330 2071
 0.41636703 1 2020 2391
 1.87668396 1 1612 2117
 1.43583782 1 1951 1355
 -0.3990017 1 1783 1448
 -0.4138394 1 877 258
 -0.4226583 1 774 82
 -1.4371763 1 1711 437
 -1.1730228 1 760 1285
 -0.2346946 1 1895 954
 -0.4268453 1 119 2187
 -0.2869899 1 1308 2321
 0.30802791 1 1309 1997
 -1.1821254 1 1333 1238
 -0.7597886 1 1579 478
 -0.4149279 1 2266 140
 -0.3454501 1 736 214
 -0.0262095 1 842 1497
 2.02971002 1 2267 1171
 -1.4163323 1 1293 1986
 1.94840686 1 306 1028
 -0.29517 1 1689 697
 1.93782542 1 1291 357
 -1.3336995 1 1253 2794
 3.49256137 1 1980 338
 -0.1822592 1 1108 1366
 -0.0128894 1 2365 1753
 2.90907778 1 1219 2408
 -0.1142079 1 1255 2091
 -0.3256063 1 1195 823
 0.44492475 1 1867 1145
 -0.7704135 1 2335 2569
 0.09923338 1 1047 124
 2.59433578 1 1482 1599
 -0.0046492 1 191 1254
 0.40216308 1 727 1888
 0.2131132 1 539 2630
 -0.97613 1 914 2295
 -0.3729497 1 37 596
 -1.9936213 1 625 799
 0.58021733 1 2182 454
 0.3989372 1 808 1826
 0.04392646 1 1039 1468
 -1.1934917 1 2299 1661
 -0.4510891 1 2456 2005
 10.1394473 1 2230 2507
 -1.7864921 1 1751 393
 -0.23306 1 2111 742
 0.09344673 1 1324 993
 -0.0117773 1 1097 672
 0.66054433 1 1082 2483
 -0.2037568 1 1285 14
 -1.4236966 1 151 1701
 0.79914309 1 853 1443
 0.24725491 1 415 1787
 -0.298465 1 1808 2731
 0.65363896 1 1465 516
 0.3837346 1 1246 1213
 0.34800103 1 1045 900
 0.199272 1 1145 2264
 -1.1301185 1 757 2603
 0.09693719 1 1592 1924
 -0.5088677 1 1893 1570
 0.19621423 1 1408 156
 -0.316722 1 1409 50
 0.02190698 1 1220 297
 0.33546922 1 998 633
 1.55290985 1 1354 1102
 -0.2798309 1 2156 2066
 7.31127301 1 417 2382
 -1.0868347 1 518 2143
 0.41372514 1 1311 1804
 -1.2854776 1 1586 1346
 0.33365732 1 1086 1688
 -0.789252 1 1011 272
 -0.5633865 1 1054 72
 1.3286726 1 1568 427
 -0.997556 1 2505 2182
 4.12840971 1 295 1146
 -0.4367362 1 748 1474
 -0.4364059 1 1006 2648
 -0.256863 1 1831 1168
 -0.9795483 1 1925 555
 1.36486317 1 2332 2580
 -0.0095845 1 1241 132
 0.11783358 1 2386 1584
 0.84186548 1 590 1900
 0.30565166 1 2017 1989
 -0.4962738 1 162 2522
 1.02577788 1 2345 609
 1.00447818 1 1418 946
 0.86739128 1 1965 780
 1.26895826 1 2369 444
 -0.204332 1 2131 2714
 -0.2022025 1 896 1802
 -1.8922971 1 1759 1455
 -0.7188481 1 883 1674
 -1.6595668 1 1953 1762
 -1.4927805 1 2183 2750
 -0.8374884 1 741 27
 -0.9552643 1 597 755
 -0.5569897 1 71 2304
 -0.3728798 1 1964 2202
 -1.3985173 1 799 1609
 -0.9796319 1 1701 2696
 -0.3784828 1 1088 1683
 -1.31651 1 2163 22
 -0.8003633 1 593 1062
 -0.144999 1 782 942
 -1.6251254 1 2367 2219
 0.74170608 1 2160 1894
 -0.5463062 1 810 2111
 -0.4594448 1 876 2194
 -0.4331446 1 2165 2310
 -0.9228568 1 2071 135
 -0.2963679 1 2449 1641
 -0.0075527 1 533 2195
 -1.1933125 1 1100 2399
 -0.5355943 1 2396 747
 2.2010854 1 922 1066
 -0.0131821 1 1536 2487
 -0.0082008 1 2188 1680
 -0.7740108 1 841 871
 -0.8900763 1 1887 665
 0.43206179 1 765 1080
 0.44967324 1 1013 773
 -0.0136155 1 1427 2744
 4.93662788 1 1747 1464
 0.17520489 1 1263 2190
 0.35342372 1 2050 1259
 1.96851421 1 1438 149
 -1.9825295 1 1302 229
 -0.9410398 1 2154 641
 3.85051734 1 878 1556
 2.57668132 1 1464 1909
 7.41625694 1 1569 536
 -0.3249453 1 1558 2719
 0.52495126 1 1111 1792
 -0.2383661 1 571 1669
 -0.0255022 1 869 2701
 0.00037198 1 1300 1911
 -1.2530498 1 1624 1590
 -1.4800076 1 756 126
 0.00960041 1 797 2427
 -0.0109687 1 980 1040
 0.12914481 1 1301 1274
 0.87106412 1 436 1857
 -0.8918472 1 1361 2322
 2.11068674 1 2408 2214
 3.17242211 1 1247 791
 -0.7436928 1 1623 451
 -0.7264187 1 1757 2720
 0.07677894 1 996 1079
 4.21510319 1 331 759
 -1.6275778 1 2121 2385
 -0.0155285 1 856 10
 -0.0001868 1 855 2473
 -0.005491 1 1556 968
 0.04885213 1 2142 2180
 -1.1746959 1 2201 1662
 -0.0075069 1 1280 1479
 2.00611476 1 1101 230
 -1.9565194 1 2107 850
 -0.0100442 1 615 2208
 -0.0190647 1 2258 247
 0.00900156 1 1669 333
 -0.0886289 1 1551 2095
 -0.016041 1 2304 2096
 -0.8811607 1 290 1372
 0.00591463 1 1950 111
 -0.2167639 1 1836 1263
 -0.761097 1 863 2207
 -0.0093248 1 1257 2692
 0.00239895 1 789 236
 -0.0072835 1 2288 1153
 -0.005344 1 2517 2506
 -1.018923 1 2512 958
 0.00058913 1 1420 2479
 0.00058914 1 1690 9
 -0.0245938 1 2015 1696
 -1.3716551 1 1634 1776
 0.00593914 1 387 2386
 0.71883893 1 1094 763
 -0.6939036 1 879 1078
 0.00469716 1 787 1334
 -0.1806522 1 2030 1689
 2.38436097 1 969 970
 -0.0096219 1 1260 438
 -0.0134102 1 584 649
 0.10625212 1 181 2611
 -0.0103679 1 1817 2279
 -0.0044806 1 1706 2362
 -0.1330885 1 328 1677
 -0.1909457 1 207 2191
 -0.2832055 1 1821 949
 -1.0316607 1 688 1277
 -1.5035237 1 534 253
 -0.4141764 1 1853 1450
 0.48243662 1 671 1126
 0.43274718 1 696 656
 -0.3840417 1 502 325
 -1.6502172 1 492 30
 -0.6059331 1 653 1676
 1.44794554 1 1411 1332
 3.15907848 1 256 1800
 -0.0846567 1 169 1898
 -0.8058709 1 1678 2617
 -1.0944692 1 1996 2277
 -1.4996896 1 970 870
 -0.9735957 1 660 872
 -0.7110172 1 621 527
 -0.2230684 1 506 2620
 0.29547982 1 663 162
 -0.2415641 1 428 1548
 -2.0901425 1 468 1673
 -0.1045167 1 683 2492
 -0.2888406 1 443 652
 -0.3538769 1 1274 973
 -0.877177 1 1256 751
 0.15157394 1 1070 1419
 -0.752038 1 696 1446
 0.17620072 1 577 1795
 -0.8793079 1 2041 2716
 -0.1094692 1 2181 440
 -0.3534285 1 2064 778
 0.60503065 1 956 951
 0.32730517 1 829 617
 0.22691201 1 2048 2516
 -0.8038757 1 168 1648
 -0.0935232 1 1025 1241
 1.04340425 1 1442 1578
 -1.0597825 1 555 2587
 -1.142097 1 728 549
 -0.2357086 1 187 1169
 -0.1286208 1 891 2302
 0.24028122 1 1079 2646
 -0.1278109 1 2413 1867
 -0.3983523 1 1959 1354
 -0.1737869 1 1170 355
 -1.2481521 1 444 7
 0.50314286 1 665 342
 -1.2431738 1 238 678
 0.04529381 1 227 1046
 -1.1990295 1 2361 2109
 -0.6845175 1 640 2425
 -0.964449 1 644 2087
 0.62933773 1 141 1999
 -0.8320783 1 1860 1152
 0.34088504 1 861 226
