 2.57936658 1 696 2443
 -2.6382394 1 696 55
 -1.6479555 1 696 482
 -2.1028729 1 696 1564
 -0.0373332 1 696 1906
 -1.9300714 1 696 2656
 -1.9768119 1 696 701
 -2.5327564 1 696 1759
 -0.2967464 1 696 1827
 -2.2835897 1 696 2254
 -2.3231395 1 696 1
 2.69336775 1 696 2380
 -2.2365073 1 696 1080
 2.62577719 1 696 1940
 -2.2801734 1 696 517
 -2.9751501 1 696 93
 -2.7463825 1 696 321
 0.16223911 1 696 541
 6.13292916 1 696 2762
 -1.3122211 1 696 1390
 -3.0542116 1 696 1812
 -0.6312009 1 696 1347
 1.6104207 1 696 2509
 0.45200325 1 696 628
 -0.8687035 1 1781 1601
 -0.6253251 1 222 235
 0.54839104 1 1844 283
 0.03317336 1 696 130
 -0.9559507 1 696 968
 -0.8212563 1 696 747
 0.13144417 1 424 1699
 -0.8536013 1 740 19
 0.03416785 1 968 398
 0.57391141 1 526 738
 -0.3352076 1 277 1492
 -1.3045436 1 696 24
 -0.1632972 1 696 296
 -0.0221339 1 696 593
 0.12719615 1 696 954
 -1.4986769 1 696 2384
 2.26375437 1 696 2715
 -1.2816328 1 696 1371
 0.31547881 1 696 308
 -0.0874177 1 1801 1052
 0.28087823 1 1044 2444
 -2.086714 1 1746 2092
 0.15843932 1 1573 1500
 -1.2989233 1 1369 213
 -0.7963796 1 2096 447
 -0.1268486 1 1359 1271
 -0.0793519 1 1460 928
 1.87389316 1 1916 2307
 0.43824932 1 766 218
 -0.4159502 1 1140 1149
 0.52573192 1 1704 2342
 -0.0525381 1 289 2436
 -2.4182168 1 887 710
 0.51480672 1 919 16
 1.13661707 1 177 1791
 0.19465151 1 2488 2313
 -1.405469 1 892 869
 -0.6226094 1 1448 1907
 1.06471764 1 1630 610
 -0.5234503 1 1739 2400
 1.02936373 1 2391 1795
 -1.2502266 1 894 1785
 -0.0428923 1 2240 405
 0.37011563 1 482 136
 -2.1651166 1 696 2612
 -0.8789283 1 1900 1886
 -1.0673994 1 696 1267
 2.55927619 1 2037 1358
 2.46947623 1 696 348
 1.69138638 1 2432 302
 4.88904896 1 373 1766
 -0.3307049 1 1040 1485
 1.13386455 1 696 225
 2.14764517 1 851 1289
 2.51429726 1 696 947
 -2.1568449 1 696 1980
 0.2229258 1 696 1259
 1.70482725 1 1444 2301
 -1.7252332 1 696 846
 0.03084171 1 1116 2620
 -0.0629401 1 1117 144
 1.42293925 1 696 1574
 -0.3038606 1 696 1482
 0.27486678 1 696 1683
 0.93643069 1 1375 2020
 -2.5269077 1 696 624
 3.98050226 1 696 731
 -0.4920962 1 924 389
 0.85212506 1 696 2740
 -0.350809 1 1902 1778
 -3.2917789 1 696 1694
 1.84786435 1 2376 1473
 -0.3237796 1 1501 1803
 -0.0823926 1 696 2721
 -0.6763263 1 2045 754
 -0.4606662 1 696 961
 -0.4437216 1 696 603
 -0.5074612 1 1150 2532
 2.36877849 1 1222 56
 2.44623136 1 696 1900
 1.43857734 1 1355 1250
 -1.2065654 1 696 875
 -2.856128 1 696 829
 -1.303134 1 2200 2322
 -1.2777103 1 1112 2650
 -1.1694938 1 1113 2124
 -1.892096 1 1031 1782
 -0.2538804 1 1777 1378
 0.08764775 1 873 337
 -0.9754933 1 786 11
 1.35568826 1 1004 313
 0.87812928 1 1453 100
 0.2734929 1 1825 1588
 -0.5291722 1 2130 2004
 -0.9332531 1 7 2525
 1.15508257 1 79 1801
 2.08039987 1 1321 2424
 -0.2505297 1 2043 1771
 -0.2371309 1 128 1256
 -2.3126281 1 554 1385
 -1.2737297 1 2262 983
 -1.3663093 1 2411 2537
 0.01537039 1 1454 2410
 -0.6888631 1 569 1384
 0.17882504 1 634 1708
 -0.7078529 1 488 320
 -0.6708775 1 589 656
 -0.7441237 1 563 2528
 0.1294439 1 1692 1157
 -0.5283731 1 67 1504
 0.42299455 1 1440 937
 -0.1003169 1 1485 193
 1.80126133 1 771 126
 -0.1135641 1 508 1471
 1.42267713 1 213 888
 0.66204083 1 1932 720
 -0.9090255 1 2263 2429
 -0.2789597 1 1650 1775
 -0.329929 1 602 1387
 -0.0235276 1 696 1723
 -0.2880111 1 696 2803
 -0.2256156 1 1931 2471
 0.26547123 1 618 670
 0.35570429 1 1863 1293
 -0.481608 1 1754 951
 -0.5369307 1 1497 2541
 -1.0908615 1 636 1987
 4.64624206 1 2217 1170
 -0.0514117 1 2014 1511
 -0.9943814 1 1198 203
 0.80602398 1 1648 2679
 -0.0459552 1 286 540
 -0.331697 1 423 1167
 0.6615178 1 1120 1990
 -0.0156852 1 1513 2204
 -0.3421373 1 1443 424
 0.05945864 1 446 89
 -0.639216 1 243 232
 1.68833062 1 2002 1391
 0.83881456 1 154 1044
 -0.588595 1 1269 2115
 0.16207563 1 343 2423
 -1.0433482 1 1028 1416
 -0.3685375 1 2410 1606
 1.20525062 1 158 1264
 -1.0076652 1 273 1892
 0.03648721 1 729 2232
 -0.3638781 1 1165 850
 1.77975524 1 1748 1196
 -1.5241939 1 1589 177
 0.07716897 1 670 2709
 0.39785294 1 1640 228
 -1.2855038 1 118 2514
 -1.0473052 1 29 736
 0.32929113 1 12 396
 0.08747401 1 1278 2491
 -0.5561467 1 1483 651
 -0.0269065 1 50 708
 -0.0420708 1 1605 2439
 0.2799993 1 1596 2766
 0.07255669 1 102 1757
 0.4665823 1 1518 1404
 -1.0588908 1 1997 1733
 0.00216483 1 184 2787
 0.39173338 1 1118 2698
 -1.3542151 1 27 936
 -0.0592803 1 1765 1642
 -0.8088004 1 1991 190
 0.13345484 1 291 216
 -0.1209888 1 130 558
 -0.8053417 1 1126 1155
 -2.0138218 1 40 2190
 0.11593784 1 220 1851
 -0.3440566 1 1818 1308
 -0.1273499 1 620 1644
 -0.4889651 1 1946 12
 -0.5547238 1 305 1370
 -1.4445298 1 1268 2125
 -0.9008051 1 1209 2464
 -2.0833601 1 174 2073
 -0.7806315 1 862 1086
 -0.4911064 1 426 1431
 -0.6852549 1 576 198
 0.12373928 1 421 131
 0.47644545 1 494 1594
 0.88798814 1 557 1903
 0.08127239 1 864 2245
 -0.009319 1 318 2287
 -1.7724392 1 1509 1942
 -0.3764111 1 1608 1211
 0.85106648 1 564 411
 0.3506916 1 2223 2723
 0.11137405 1 1233 241
 0.35241763 1 2139 1475
 -0.0821875 1 69 2031
 -0.3313377 1 691 2503
 0.85790215 1 1845 2163
 -0.1807176 1 953 995
 -0.6561442 1 523 1078
 0.96545417 1 457 621
 -0.0330531 1 1384 2516
 1.35740954 1 1512 39
 -0.2771357 1 643 1682
 0.48303214 1 664 1342
 -1.030843 1 689 1819
 0.34631253 1 31 2707
 -0.8058018 1 450 2377
 0.02966536 1 499 770
 -1.6335851 1 681 857
 -0.3028153 1 397 844
 0.42395331 1 257 508
 -1.1438343 1 272 1608
 -0.2805593 1 2129 1929
 2.13972231 1 679 633
 -0.0442544 1 276 1067
 -0.0893669 1 1426 725
 -1.0133909 1 1740 2434
 0.68216332 1 905 2754
 -0.0501989 1 153 1392
 -1.0766653 1 895 2477
 -1.2872008 1 392 426
 1.79293875 1 341 767
 -1.1783764 1 1179 957
 0.80230881 1 202 2547
 -0.1542716 1 649 1992
 -1.1058048 1 195 1654
 0.00916883 1 208 1515
 -1.1746588 1 696 205
 0.17000551 1 1904 2685
 -1.5951002 1 696 1960
 2.06014848 1 1447 1193
 -1.5668471 1 696 518
 -0.5726345 1 657 180
 0.06754169 1 1185 140
 0.17396439 1 1917 478
 -1.4573018 1 466 1238
 0.76486361 1 967 1918
 0.02708963 1 1488 2259
 -1.0031008 1 1353 2270
 0.78348722 1 1557 2179
 -0.3759196 1 495 981
 -0.5720927 1 1251 1316
 -0.2686276 1 854 395
 2.864452 1 1958 2735
 -1.6349749 1 292 254
 -1.7050012 1 2404 1454
 -0.7293574 1 1873 1114
 1.33842292 1 405 2046
 1.10401544 1 1396 2486
 0.02292424 1 567 2398
 -0.5867032 1 296 751
 -0.0390529 1 1786 1098
 -0.59086 1 559 607
 -0.3670516 1 1876 269
 -0.0793488 1 456 51
 -0.0601882 1 1415 1667
 -1.1414854 1 530 1335
 -0.4857314 1 167 1830
 -0.1844647 1 690 2165
 -0.427735 1 1850 2604
 -0.2285193 1 1481 528
 -0.8905966 1 2247 871
 0.55937426 1 2442 833
 2.50437159 1 1804 496
 -0.418162 1 2032 163
 -0.2382068 1 480 1553
 -0.6106329 1 414 1621
 0.01487702 1 1898 1944
 -0.3369316 1 899 14
 0.35163744 1 1577 2498
 -0.2617243 1 2213 657
 -0.041585 1 686 712
 -1.0649862 1 103 2445
 -0.0677414 1 1272 2768
 -1.9454189 1 2238 1760
 -0.3148523 1 897 1429
 -1.5288939 1 1053 1739
 -1.1195457 1 995 217
 -0.035703 1 148 2704
 0.00618191 1 1404 443
 -0.7147971 1 764 779
 -1.4839791 1 422 942
 2.07589522 1 1606 2218
 -0.2738745 1 204 2553
 0.09823061 1 725 1970
 -0.0840576 1 111 1646
 0.1196991 1 1159 1618
 -0.6141672 1 696 105
 0.25795738 1 696 811
 0.09311316 1 696 1854
 -0.7047871 1 1239 1375
 -1.3644173 1 2034 1036
 0.99468832 1 1864 2129
 0.10575818 1 2296 2076
 0.44338023 1 1250 1091
 0.04366507 1 1999 1182
 2.45609681 1 696 529
 2.25674337 1 696 204
 -0.4374821 1 529 134
 -0.1719583 1 1259 1248
 0.0047718 1 1305 1908
 0.16770571 1 2431 2248
 1.08518982 1 696 2290
 -1.3515354 1 367 1946
 0.98666569 1 2349 963
 -0.3348835 1 129 1304
 -0.7202866 1 320 419
 -0.4039112 1 60 2726
 -1.2317911 1 1499 245
 -0.3628621 1 1284 1479
 2.57848253 1 687 2035
 0.99550139 1 2140 2504
 3.2486935 1 696 2167
 -1.0902523 1 696 2705
 -0.5636279 1 696 435
 1.39584364 1 696 944
 0.12653919 1 933 2210
 -0.6914996 1 696 1977
 -0.3903351 1 696 1180
 -0.172766 1 696 1517
 -0.7242641 1 696 109
 -0.8430055 1 393 548
 2.58457173 1 651 1160
 -1.3939313 1 2184 1996
 -1.0835353 1 696 2333
 -1.7796374 1 696 2195
 0.32077615 1 696 1856
 -2.1953142 1 723 1301
 2.93690278 1 696 312
 1.51881659 1 696 7
 -0.9506362 1 696 1377
 -0.8150048 1 696 1037
 3.58621538 1 2314 2414
 -2.3546683 1 696 2078
 -1.4553284 1 696 1076
 2.81496238 1 696 1424
 -2.3395181 1 696 534
 3.86012857 1 776 2598
 -0.343387 1 696 1600
 1.58705304 1 696 1253
 0.93598611 1 696 1897
 -0.8465729 1 696 2239
 -0.6102621 1 696 2292
 -1.9146021 1 696 855
 0.46250724 1 696 1203
 -0.9937152 1 696 760
 -2.6307947 1 696 420
 -1.85444 1 696 2717
 -2.4675593 1 696 1809
 -0.6810676 1 696 1689
 -0.5628176 1 696 2506
 -0.3448989 1 696 987
 -0.2323693 1 696 627
 1.39102221 1 696 34
 -2.8015581 1 696 1687
 -1.1720286 1 696 1813
 0.46958532 1 696 2714
 -1.3143222 1 696 2383
 -1.3162098 1 696 764
 -1.0270076 1 696 849
 0.31155736 1 696 2295
 -0.453619 1 696 2625
 -0.8945648 1 696 1895
 1.59652488 1 696 1569
 -2.0030877 1 696 2594
 -2.4100881 1 696 727
 -2.6462918 1 696 2418
 -1.8253625 1 696 1380
 1.97886979 1 696 1717
 -1.6894984 1 696 4
 -1.0115498 1 696 1867
 -1.9914259 1 696 2404
 -1.5287998 1 696 1088
 0.66179934 1 696 614
 -1.6203533 1 696 1674
 -1.5114039 1 696 1881
 0.19525432 1 696 641
 -0.9003131 1 696 1063
 -0.890364 1 696 2432
 -0.0921017 1 1489 2759
 -1.5233522 1 1425 1762
 -0.6675439 1 1083 1398
 -1.0182554 1 1084 1728
 -1.4471228 1 701 223
 -1.8180625 1 2378 2716
 -0.3528668 1 696 442
 -0.1783325 1 696 1984
 -1.468349 1 696 1647
 -1.4636471 1 696 1523
 -0.0242157 1 696 2337
 -1.2957554 1 696 2201
 -0.0023402 1 696 1863
 -1.3402768 1 33 1399
 -1.1338254 1 2290 319
 0.28679334 1 2301 331
 -0.1152758 1 696 1383
 -0.1551544 1 696 1041
 -1.4826376 1 1087 2121
 0.40402312 1 2313 1174
 -0.1306341 1 78 546
 0.26068578 1 738 1605
 2.41782037 1 248 1901
 0.7957079 1 2387 2298
 -0.3954665 1 1435 861
 -0.4300771 1 2527 771
 1.53138045 1 696 2722
 -0.6830738 1 2076 2027
 0.1600133 1 2123 1070
 0.79540887 1 2516 38
 -1.7855102 1 2454 2391
 -1.7833051 1 2067 1663
 -1.0988037 1 2336 1503
 -2.3222958 1 2281 211
 -1.5652969 1 301 449
 -1.0543402 1 2023 786
 0.0311573 1 1762 923
 -1.8915427 1 1937 2225
 -0.9976152 1 565 2558
 -0.1994494 1 928 1870
 0.34579596 1 696 1284
 0.32265903 1 696 1622
 0.87655964 1 1700 97
 -0.5975574 1 1780 221
 0.17712328 1 1960 1145
 -1.4667781 1 1913 2346
 -1.2564164 1 2450 1029
 -0.2501967 1 2438 2186
 0.00646035 1 1147 404
 -0.4276093 1 2126 2729
 0.2167458 1 2261 1561
 0.48221648 1 1227 2215
 0.54899323 1 888 1805
 0.30508684 1 1014 1106
 -0.2626855 1 1713 1381
 -0.955865 1 1915 1290
 1.33540289 1 753 1152
 0.55092424 1 1584 800
 -1.5186207 1 9 2353
 -0.1626812 1 2458 1061
 -1.051212 1 1920 1406
 -0.0788166 1 1851 301
 0.35709259 1 987 2783
 1.15111033 1 880 2221
 -0.5267425 1 282 2309
 0.08928775 1 716 1967
 0.47254698 1 1717 1187
 1.24134171 1 1310 187
 -1.211766 1 1080 132
 -2.1018922 1 268 1243
 -0.142917 1 976 1911
 -1.7640881 1 1002 2008
 -0.4904031 1 1290 2523
 -0.3030655 1 917 409
 -1.6247522 1 761 2727
 0.66203373 1 957 249
 -0.0183288 1 1394 1462
 -1.5261211 1 478 1122
 -0.099806 1 884 1788
 0.75124378 1 2044 2127
 -1.7482963 1 1588 2415
 1.43583636 1 1723 741
 -1.3378091 1 485 1096
 0.29963341 1 537 619
 -0.6156833 1 232 1679
 -0.8382222 1 1015 2543
 0.14171436 1 2333 1983
 0.30168441 1 1978 1844
 0.02514647 1 2355 2676
 -1.2708745 1 1154 798
 -0.7218555 1 1153 907
 -0.7317793 1 798 816
 -1.3082538 1 979 2329
 0.33493148 1 1957 1862
 0.33573529 1 369 1296
 1.99387843 1 283 1632
 -1.1258886 1 1295 85
 -0.94833 1 541 1200
 3.47959976 1 143 174
 -0.3248023 1 65 486
 -1.2299821 1 509 1136
 0.37572256 1 871 2174
 -0.0641822 1 2113 985
 -1.2453721 1 1366 384
 -0.0174641 1 592 1814
 -1.0385529 1 1636 757
 -0.5857855 1 831 60
 -0.7904444 1 1207 142
 -0.075308 1 1492 1576
 -2.152743 1 1661 1921
 -0.7780159 1 1471 825
 -1.065321 1 1615 1780
 0.00714693 1 2510 1450
 -1.6103609 1 535 1710
 0.18316077 1 938 2483
 -1.5536344 1 1720 660
 -1.1426599 1 1273 1014
 -0.5684908 1 1401 699
 -1.1596481 1 815 2450
 -0.5341631 1 440 1507
 -0.197428 1 2061 793
 -0.3982963 1 1655 1876
 2.97380708 1 1664 1626
 -0.4764241 1 1768 102
 -0.7043071 1 1849 2575
 1.72882075 1 960 1158
 -0.2590443 1 860 76
 -1.1460469 1 2289 1127
 0.88412612 1 310 2033
 0.44077193 1 2478 2369
 -0.2376228 1 1203 999
 1.88432714 1 2191 368
 2.53997579 1 1422 277
 -0.1471186 1 1462 40
 -0.2615327 1 1075 1341
 -0.5181437 1 323 1120
 -0.2616132 1 1935 584
 -0.5437078 1 196 2637
 0.7837958 1 433 156
 -0.2900325 1 1337 1565
 -0.0851851 1 703 1221
 1.21017114 1 1172 1932
 -0.3365338 1 1878 2586
 -0.8472666 1 717 2253
 -1.3318202 1 1886 2756
 -0.5353968 1 1423 1438
 0.23131494 1 959 2468
 0.69937628 1 1048 674
 1.53059293 1 2025 1027
 -0.6353786 1 784 949
 0.76411395 1 1731 1994
 -1.4643198 1 1282 1513
 -0.1823383 1 2279 1849
 1.3071513 1 696 805
 -0.863514 1 1673 1302
 -0.4530777 1 929 90
 -0.1535813 1 836 2562
 -0.1016815 1 2110 669
 1.59564036 1 2256 2116
 -1.164088 1 2448 2457
 -1.7096569 1 2103 2083
 -0.6125587 1 1403 1420
 0.75043332 1 2046 2234
 -0.5232344 1 1019 2297
 -0.7130695 1 1190 1952
 -0.1684092 1 813 1204
 0.11447656 1 42 1543
 -0.6816911 1 2427 149
 -0.5860889 1 984 230
 -0.3417864 1 1144 1142
 -2.3011957 1 696 990
 0.18340095 1 696 1326
 -2.1091607 1 696 391
 0.13017897 1 2091 2141
 1.82150445 1 1921 2057
 -0.1759578 1 2164 598
 -0.8386365 1 2033 262
 1.3159195 1 1089 781
 0.16375427 1 30 2554
 1.36363294 1 1081 79
 1.05420629 1 788 1860
 0.67264301 1 2162 2664
 3.64056748 1 1066 2579
 -0.963837 1 2229 808
 0.4513033 1 1348 2340
 0.69137804 1 1939 2788
 0.89973129 1 2252 342
 4.4688723 1 1110 681
 0.04740292 1 172 2465
 -0.955614 1 572 2071
 -0.3177693 1 1360 1729
 -1.3857027 1 1027 1433
 -0.6147459 1 1741 1767
 0.18520045 1 1540 191
 1.16038856 1 2354 129
 0.92052289 1 707 468
 2.41616622 1 333 1246
 1.65868143 1 552 900
 -0.3552192 1 1133 2247
 0.42608035 1 1058 1939
 -0.5982923 1 1856 1216
 0.10537715 1 304 1558
 -0.483525 1 2036 408
 5.31690422 1 309 1467
 -0.9825253 1 1330 2373
 -0.5137607 1 582 1826
 -0.0736853 1 399 1338
 1.67931011 1 346 362
 0.40991758 1 521 1343
 -0.3124261 1 1894 1822
 -0.5084905 1 1823 2374
 0.22382513 1 1286 2039
 -0.4708977 1 1982 1125
 -0.16479 1 147 1209
 1.12503051 1 1466 505
 -0.9661726 1 1641 2641
 -0.1596386 1 2265 1225
 -1.3370765 1 2007 1936
 -1.0376164 1 1593 2590
 -1.1433416 1 779 2263
 2.98882046 1 1602 892
 -1.3255338 1 1382 717
 -0.1624528 1 97 2760
 -0.566659 1 1629 1441
 0.67360211 1 1865 2065
 -1.9056168 1 1530 2474
 -0.8477426 1 513 680
 3.60132054 1 2105 768
 0.62896046 1 1791 2550
 -0.131017 1 696 68
 -2.3196926 1 696 1652
 0.38541649 1 1248 2348
 0.24125517 1 1318 543
 -1.2251286 1 324 887
 -1.3948743 1 1216 1532
 0.71011984 1 1994 1637
 0.04144977 1 1060 94
 -0.6893296 1 2069 2568
 0.61660998 1 88 1319
 -0.0647418 1 1104 390
 0.20861258 1 2190 66
 0.84256497 1 1684 256
 1.59448161 1 2298 591
 1.32124787 1 312 1112
 -0.8782836 1 732 2050
 -1.8458568 1 1391 2381
 -0.6398529 1 258 2148
 -0.2111876 1 898 1439
 -0.4652048 1 1030 377
 -0.8718693 1 1583 1333
 2.51981257 1 708 991
 -0.9452349 1 2159 2364
 -0.1377267 1 2203 2272
 -0.0247098 1 1034 873
 -0.7866545 1 1339 1222
 0.52277387 1 682 493
 -1.6138396 1 1372 153
 0.65398047 1 1633 167
 -0.9750891 1 1699 1549
 1.57003809 1 2253 1206
 -1.074442 1 2144 1951
 -0.0105284 1 2283 2296
 -0.3853114 1 1984 2489
 -0.4951322 1 2169 655
 0.12301274 1 38 1008
 -0.6103 1 2467 705
 -3.5278183 1 2403 360
 6.04988026 1 1061 2767
 -0.4615117 1 342 281
 -1.4945407 1 1564 2081
 -0.0734048 1 432 2696
 -0.2308157 1 1003 2367
 0.83926777 1 225 787
 -1.6182115 1 2460 580
 2.32784099 1 351 1640
 -0.4465161 1 940 101
 -0.862057 1 947 560
 -1.4913427 1 1314 902
 -0.1700699 1 1805 813
 -1.093209 1 1225 2347
 0.82056549 1 11 2670
 -0.8987294 1 1226 1650
 4.10770896 1 656 1732
 -0.7896242 1 113 2792
 0.92749318 1 1098 683
 -0.0508383 1 696 1522
 -1.1491783 1 696 2668
 0.83675269 1 696 473
 0.17804043 1 586 1254
 -0.7049866 1 1812 903
 -0.6498776 1 58 2251
 -0.1504583 1 840 1220
 -0.5811993 1 2206 1306
 1.73390827 1 2446 414
 0.77972885 1 1065 243
 0.70898391 1 1839 1129
 0.57540966 1 2472 2038
 -1.1329208 1 1683 2378
 0.2529022 1 2115 1832
 0.54029436 1 2055 1083
 -0.1948346 1 1316 1430
 -1.871302 1 2186 289
 -1.0385633 1 631 45
 0.10810228 1 1297 367
 -0.4172557 1 1543 1348
 1.11596064 1 2392 1006
 -0.5862524 1 2068 2156
 0.44557442 1 412 2379
 -0.4697707 1 675 2052
 0.75332829 1 2340 1321
 -0.4981726 1 2093 1841
 -0.5629693 1 693 2680
 -0.4206777 1 1903 795
 -0.6974164 1 536 568
 0.74149473 1 696 2570
 2.60581637 1 2237 1539
 -0.2336788 1 2326 1629
 -1.3134649 1 2480 2567
 2.20904971 1 205 918
 -0.268128 1 1254 794
 1.77313798 1 965 454
 -0.1216861 1 562 2689
 -1.4480841 1 419 1747
 0.23297548 1 1516 1415
 -0.2069164 1 1802 1746
 -1.7650452 1 1486 2779
 -1.3285586 1 452 694
 0.27671734 1 767 1021
 1.25782305 1 619 667
 -0.1004273 1 1695 2482
 -0.9433201 1 696 2
 -0.3749668 1 2511 1958
 1.0274855 1 105 1195
 1.2380858 1 986 1537
 0.24634104 1 913 178
 1.84903917 1 1009 2660
 0.95594898 1 696 481
 -0.6280214 1 696 819
 0.0194945 1 28 884
 -0.2437523 1 696 2592
 -1.2404342 1 1096 1327
 -0.2812968 1 431 410
 -0.225059 1 240 69
 -0.2239319 1 2004 261
 0.97107282 1 2220 766
 0.03263014 1 1493 2389
 -0.4950215 1 696 2395
 -0.2568919 1 650 2060
 0.02420583 1 1275 1101
 -0.9898906 1 2241 1443
 0.25934579 1 1972 1336
 0.41790872 1 973 2276
 2.17106288 1 974 879
 -0.1080822 1 2128 1229
 0.07411563 1 2325 497
 -0.6751883 1 2193 172
 0.838346 1 2133 1554
 1.98756571 1 696 1218
 -0.7010807 1 8 1957
 0.21618696 1 696 2043
 -0.846221 1 2028 2154
 0.62589688 1 977 363
 -0.0173116 1 696 2771
 -0.3906531 1 1128 286
 -0.8202111 1 971 1426
 0.31145872 1 1714 1737
 -0.3559503 1 2259 1828
 1.03202881 1 1724 2372
 -0.5582473 1 2529 582
 1.14145196 1 1604 2559
 -0.5346661 1 1335 83
 -0.2147228 1 179 1303
 0.93517906 1 45 1620
 -0.6792677 1 418 1943
 -1.6330503 1 1146 2582
 0.37671831 1 1091 564
 -0.7846924 1 1038 815
 -0.9122674 1 696 465
 -0.6646297 1 696 2674
 5.21416404 1 696 1850
 1.46121277 1 696 1520
 0.0253762 1 1620 783
 0.76320587 1 2463 2164
 -0.347515 1 696 1829
 -0.3784615 1 1106 1668
 -0.4299347 1 1767 50
 0.20681986 1 1232 270
 -0.3330894 1 2473 608
 -0.8603874 1 696 1097
 0.27440476 1 1214 1009
 0.20186859 1 543 2153
 0.63466431 1 578 2487
 -0.1673821 1 696 2045
 0.73893315 1 2197 1115
 -0.6702139 1 1922 1455
 0.17771589 1 1537 253
 0.19122741 1 1638 2734
 0.36579705 1 696 1315
 0.31499445 1 2070 1224
 -0.1883514 1 503 1928
 -0.545437 1 82 2271
 -1.2876376 1 2443 1239
 -0.1699934 1 1265 477
 -0.7638836 1 437 139
 -1.0866354 1 416 181
 -1.286932 1 522 519
 -0.8059088 1 150 1440
 0.96049437 1 2444 2059
 -1.7957163 1 235 2473
 0.48087292 1 696 2138
 -0.6371889 1 1879 1024
 -1.0772809 1 696 1356
 -0.5449748 1 2127 350
 -0.3774455 1 463 2780
 -0.5352962 1 1151 1845
 -0.868489 1 2405 2686
 -0.0535971 1 2474 799
 -0.4747285 1 259 1140
 -0.269876 1 641 572
 1.4866996 1 2385 1864
 -1.8977526 1 137 1545
 -1.0455818 1 795 1633
 2.4128344 1 1457 1956
 0.44186243 1 1626 2572
 0.1069347 1 2204 570
 0.06312916 1 1402 921
 0.08374521 1 1681 2695
 1.10090935 1 594 2777
 0.47264736 1 2235 2455
 -0.6840061 1 2012 697
 0.41182778 1 696 675
 0.28500322 1 696 2488
 -0.0273319 1 2172 2565
 -0.2179614 1 2483 1962
 -0.2805087 1 754 183
 -0.9600292 1 241 487
 0.74965921 1 391 823
 -0.4863263 1 2199 895
 -0.115294 1 1410 2262
 -0.0434163 1 1828 2352
 -1.3263093 1 875 2177
 1.48773614 1 981 1332
 2.23488383 1 696 1655
 -0.8701005 1 249 73
 -2.0932913 1 696 266
 -0.3664681 1 696 596
 -1.1282506 1 1289 1116
 -0.1523308 1 596 774
 -0.5419436 1 288 2472
 -0.2784604 1 1357 2067
 0.27356394 1 2317 1107
 0.55343383 1 1525 2753
 3.32523218 1 293 382
 -0.6718316 1 1043 1339
 -0.464852 1 1445 1546
 -0.4690836 1 2242 95
 -1.0325316 1 1036 2573
 -0.4624037 1 114 565
 -0.2872089 1 2264 2351
 0.84191506 1 2498 1750
 0.54328159 1 455 1410
 -0.4299344 1 281 1741
 0.05938652 1 908 2781
 1.35358819 1 1430 1025
 -1.0215143 1 696 672
 0.77038705 1 614 2470
 -0.6665644 1 627 2063
 -1.1737901 1 2026 1964
 -0.8868936 1 1364 1529
 0.01940402 1 1206 184
 -0.3645502 1 1527 475
 -0.8467521 1 2250 1240
 -1.127367 1 1526 890
 -1.9124103 1 1162 2256
 -0.4026014 1 2440 2588
 1.1347848 1 838 2182
 -0.6856188 1 126 977
 0.13374489 1 1619 1313
 -0.0216804 1 744 400
 -0.2864271 1 1138 252
 0.66191159 1 1380 587
 1.69764535 1 2287 2042
 -0.4025893 1 1205 2375
 -0.9610991 1 812 2402
 2.51478568 1 696 2068
 -0.1098301 1 1125 1093
 -1.2860355 1 1725 272
 -0.1954042 1 1745 47
 -0.6467068 1 1872 371
 0.5402528 1 152 1337
 -0.2173528 1 1477 2162
 -0.291785 1 1340 2606
 1.97053466 1 696 2277
 -0.0727856 1 2053 498
 2.57897603 1 2054 2644
 1.60207629 1 1672 161
 0.91509724 1 1168 1213
 -0.8265408 1 822 1941
 -1.4213644 1 867 2037
 -0.7198941 1 1694 2494
 -0.8755445 1 49 648
 1.26411288 1 696 1003
 -0.0076741 1 110 711
 0.1990699 1 34 364
 -0.8193721 1 538 2764
 0.03240816 1 1078 1432
 -1.2535894 1 63 1731
 -0.1947751 1 2294 1824
 -1.0561004 1 1702 777
 -0.4956823 1 1432 940
 -0.3250948 1 120 2551
 0.28017306 1 504 75
 1.81175078 1 1193 1645
 -0.5926986 1 1294 1521
 0.49714178 1 1077 1615
 -0.4296084 1 1628 108
 -0.6802187 1 1712 2583
 0.19886759 1 2249 554
 -0.5780024 1 245 898
 -1.0755969 1 1095 814
 -0.2057031 1 1966 2335
 -0.9596199 1 1446 2667
 0.015789 1 1264 1525
 -1.276998 1 2282 1395
 -1.4913268 1 696 1727
 -0.8779719 1 575 2794
 0.83958878 1 1504 335
 0.3452754 1 72 678
 -0.7256131 1 1918 686
 -1.4740485 1 420 1734
 0.21236729 1 1788 1017
 0.00333938 1 1911 2144
 -0.4202802 1 410 1109
 -0.2505823 1 330 1447
 2.33317923 1 398 386
 -0.3285033 1 1160 1323
 -1.2491436 1 54 1230
 0.2673 1 1941 1923
 -0.3400602 1 200 2265
 0.78040123 1 2167 881
 1.47659336 1 696 484
 0.42399569 1 1585 146
 -0.864948 1 1008 175
 -0.7257252 1 2295 1541
 0.76877425 1 696 1446
 -0.8235202 1 696 1714
 2.02651646 1 1001 2143
 1.60396956 1 696 2775
 -1.0707021 1 1307 290
 1.33405991 1 696 1505
 0.02886239 1 648 2688
 0.780888 1 1317 1134
 0.73840738 1 1842 87
 3.61459018 1 2251 1551
 -1.1797808 1 467 1625
 0.16257408 1 2324 2578
 1.14837029 1 1877 569
 0.67806879 1 1469 910
 -0.4067648 1 943 796
 -0.3208212 1 1897 458
 1.03288062 1 1822 2677
 0.82248575 1 985 2089
 -0.472674 1 1033 1414
 -0.9860258 1 2339 1745
 -0.7858856 1 1249 2785
 -1.1852217 1 2254 690
 -0.6261747 1 637 677
 -2.544951 1 912 2476
 0.67960094 1 264 1190
 -0.8682666 1 176 1536
 -0.8507471 1 964 189
 -0.6172761 1 406 480
 0.95092813 1 302 897
 1.09448235 1 439 2261
 -0.2835472 1 1719 2344
 0.63170542 1 2257 2189
 -1.1990303 1 472 1847
 0.27721801 1 2368 406
 0.94448521 1 989 70
 -0.3536438 1 2297 255
 0.69316131 1 566 590
 0.51179783 1 1115 1117
 -0.1973635 1 837 2048
 -1.1992466 1 1365 2131
 0.86403575 1 117 2407
 -1.0583591 1 2118 1100
 -0.4499892 1 603 1436
 -0.8535513 1 1157 1340
 -0.6811046 1 804 997
 -0.2554703 1 827 1909
 -1.4857335 1 93 2250
 -0.3256994 1 1024 2284
 -0.2948142 1 2300 868
 0.50538401 1 1406 502
 -0.0661438 1 997 157
 -0.2535416 1 2447 165
 0.03892914 1 2399 1556
 -1.5194132 1 2518 474
 -0.6391762 1 828 1858
 -0.1182209 1 1234 1528
 1.13434872 1 816 1965
 -0.7842566 1 1546 2557
 -0.9219244 1 1548 578
 -1.0620881 1 1547 925
 -1.1992467 1 1142 689
 0.04808015 1 2428 2459
 -0.1019243 1 2063 2782
 -0.0801747 1 262 1423
 -0.3369451 1 1601 1751
 0.08617051 1 948 2769
 -0.4166581 1 307 2446
 0.21888505 1 20 702
 -0.1047549 1 1789 909
 -1.6 1 2084 2237
 0.94903731 1 1567 1949
 -0.2500514 1 234 1624
 -1.2521783 1 2148 170
 1.02041337 1 806 2653
 -0.95157 1 2481 491
 -0.0615045 1 962 827
 0.42995308 1 2145 1133
 -0.5834724 1 2246 2025
 -1.5116128 1 2225 2361
 1.84722671 1 1026 1833
 1.96972675 1 939 1330
 -1.0220148 1 1635 1661
 -0.8688465 1 2057 58
 -0.5993192 1 236 264
 0.56781641 1 646 600
 0.18429353 1 2415 1349
 1.84566224 1 261 1022
 -0.0927545 1 1378 2152
 -0.9177916 1 1649 2387
 -0.3341653 1 230 2054
 -1.0351488 1 231 1113
 -1.6049418 1 53 1453
 0.09741276 1 662 2742
 -0.6832446 1 2027 393
 -1.0556669 1 2211 1571
 0.0696363 1 2010 1927
 0.3077951 1 920 2266
 0.45888334 1 1813 2268
 -0.4445733 1 46 885
 0.70018065 1 203 1231
 -1.118097 1 952 490
 -0.1475074 1 178 152
 -0.6700079 1 157 179
 -0.8029948 1 931 260
 0.53049732 1 1352 1452
 -0.02255 1 2414 1721
 1.54371984 1 2381 2055
 -0.4091664 1 2102 2480
 -0.4246891 1 66 2151
 -0.0998608 1 77 1018
 0.73426283 1 1610 696
 0.0544365 1 936 355
 2.96020756 1 2504 59
 -0.5389923 1 2484 1660
 -1.0438991 1 2273 1329
 0.16214252 1 817 2692
 -0.1484401 1 165 2360
 0.93461821 1 573 790
 -1.5882696 1 661 1138
 -1.986871 1 5 573
 1.40003006 1 252 2654
 -0.5239564 1 935 1950
 -0.033954 1 1793 2580
 0.55228878 1 514 916
 -0.6288024 1 2065 803
 -0.1724143 1 609 463
 -0.4807446 1 1578 2447
 -1.45984 1 384 2770
 0.09328041 1 267 1755
 0.88161765 1 1262 1418
 0.39797524 1 2418 1749
 0.21559252 1 1874 2790
 -0.2360572 1 1182 2458
 -0.6463179 1 820 1031
 0.05252131 1 1202 682
 -0.2704038 1 448 365
 -0.0729971 1 909 1002
 1.4719655 1 2350 2495
 0.19581423 1 2268 2036
 -0.8877577 1 721 1124
 0.10705195 1 1049 246
 -0.5346224 1 2151 160
 0.57825867 1 1639 158
 -0.4626377 1 334 1219
 0.04991869 1 1975 1935
 -0.2393455 1 134 2278
 0.38429718 1 724 2249
 0.31145082 1 388 470
 -0.4249854 1 2106 370
 -0.9346922 1 583 2757
 -1.372055 1 1832 273
 -0.9924655 1 1533 2466
 -1.433705 1 2457 2130
 2.08774649 1 1912 1032
 0.0614837 1 1313 1364
 0.978237 1 1127 586
 -0.0225478 1 1215 1648
 -0.6662598 1 739 1848
 -0.8084796 1 2321 2183
 -0.7973066 1 769 2343
 -0.4816459 1 294 804
 -1.1449786 1 1390 1147
 -1.2398676 1 923 479
 -0.5976075 1 743 2663
 0.35911583 1 1797 1535
 0.38833079 1 945 1635
 -1.159196 1 311 1969
 1.68173211 1 2393 2564
 -0.1169578 1 1600 935
 0.10161634 1 14 1039
 -0.4307756 1 1905 693
 1.40219635 1 2173 2463
 -0.0373958 1 674 2786
 -0.8111629 1 1381 1740
 -0.3551514 1 1349 1428
 -0.848277 1 1231 1756
 -0.6299682 1 35 2454
 0.09988273 1 505 707
 0.27615776 1 32 797
 2.23156173 1 694 915
 0.22091571 1 498 2243
 -0.6986371 1 2310 2574
 -0.6933329 1 1266 1954
 0.034148 1 2353 1628
 -0.6337887 1 1824 1547
 -1.328275 1 585 2657
 -0.7080993 1 834 495
 0.41615994 1 1814 574
 0.87035361 1 315 1137
 4.77464109 1 833 789
 1.62113165 1 1362 2172
 0.50588374 1 2132 1840
 -0.9842015 1 949 1666
 0.24356099 1 706 63
 -0.2326095 1 376 268
 -0.2144875 1 780 1354
 0.22004518 1 1890 2155
 0.71410475 1 1766 2481
 -0.5051999 1 2270 1119
 -1.0411551 1 1180 1459
 -0.6680687 1 1363 259
 -0.1358052 1 1506 2749
 1.0281447 1 579 147
 2.10281666 1 2047 1235
 -0.5880579 1 1491 1931
 4.03022272 1 2291 2269
 0.70256343 1 1228 2273
 2.97607057 1 132 1236
 -0.0518989 1 1156 155
 1.50614993 1 2205 2242
 0.13613475 1 1336 904
 -0.2454371 1 1035 802
 -0.9851616 1 1830 462
 -1.0088859 1 2059 2673
 -0.9798172 1 1785 196
 0.03270873 1 2039 1649
 -0.7267623 1 2227 1978
 -0.8857882 1 1343 2548
 -2.3082919 1 1416 2462
 -0.2521194 1 1439 676
 -0.4430582 1 2214 1726
 -1.4086806 1 711 1764
 -2.6235002 1 2331 2666
 -0.0325179 1 2215 896
 0.72476518 1 99 553
 -0.0267132 1 434 2584
 -1.2896125 1 226 1614
 0.78066945 1 1775 1562
 -0.9592984 1 459 1883
 -1.2698799 1 335 74
 0.4633728 1 684 247
 -0.5512269 1 298 1123
 0.75621673 1 2362 2702
 1.4474457 1 112 372
 -0.2428825 1 2322 2159
 -0.2315623 1 1514 2501
 -1.3640226 1 733 2041
 0.61038927 1 1667 1701
 -0.2555891 1 1449 1464
 1.26371744 1 2445 164
 -0.5905092 1 1323 162
 0.36386631 1 818 499
 -0.9474122 1 2506 375
 -0.1988985 1 271 1435
 1.72137598 1 270 1092
 0.45921501 1 269 2069
 0.80791431 1 95 2469
 -0.4935102 1 515 2135
 -0.707082 1 548 1035
 -0.4997568 1 807 1118
 0.80800487 1 1379 251
 -0.2327655 1 350 1312
 1.02306054 1 2420 2350
 -0.0640941 1 713 810
 0.32005239 1 695 891
 -0.0391291 1 2459 485
 -1.1162018 1 183 185
 -0.1742532 1 1835 1542
 -0.1163361 1 396 1641
 -1.3597388 1 279 1974
 4.15603529 1 930 1026
 1.17916309 1 2157 1744
 1.51021584 1 1820 1409
 -0.8687876 1 2407 2774
 -1.7358396 1 558 1720
 -1.0307828 1 1798 1442
 0.77661111 1 1829 263
 -0.1852446 1 1945 2748
 -0.4360243 1 2286 381
 0.49609411 1 544 723
 -1.3735306 1 1800 2173
 0.46136606 1 1553 1227
 0.43374377 1 1520 151
 -0.1440383 1 1883 171
 0.03795215 1 1884 510
 0.00491475 1 1691 852
 -0.7271698 1 465 2150
 -0.929159 1 435 1012
 -1.7816852 1 2343 1344
 1.7541522 1 1907 358
 -0.7853719 1 2138 1422
 -0.456529 1 1646 1075
 -0.5412865 1 1367 239
 -0.2048174 1 462 2246
 -0.2516409 1 263 911
 -0.5341691 1 2187 809
 1.78563934 1 2334 2678
 0.66105868 1 1919 1177
 5.81339583 1 2166 2467
 0.87020179 1 233 2795
 -1.7920549 1 1328 1730
 0.04853391 1 1329 1394
 -0.7664092 1 2073 1769
 -0.5503295 1 133 1853
 -1.652881 1 1961 2669
 -0.0129984 1 2013 471
 1.05635078 1 2412 901
 -0.8426649 1 2382 1934
 -1.5098205 1 512 1619
 -0.4315951 1 223 1566
 -1.334008 1 2274 77
 -0.4935311 1 991 583
 0.02874978 1 805 1128
 0.05339917 1 1374 776
 1.73780028 1 606 2763
 -0.8122232 1 2477 376
 -0.1408106 1 101 1214
 -1.0639716 1 2008 1557
 -0.0960333 1 2278 503
 -0.1834845 1 51 867
 -0.8435142 1 1242 2255
 -0.0869596 1 1398 1959
 -1.0814147 1 1749 2563
 1.38510709 1 982 2228
 -1.0983788 1 2243 920
 -1.3034399 1 1473 452
 0.51942355 1 751 2087
 3.24367259 1 1614 2453
 1.24560534 1 893 663
 -0.9182073 1 180 6
 -0.971773 1 946 1713
 0.06745346 1 1607 1627
 -1.8259351 1 1347 1548
 1.02404465 1 90 1865
 -0.659903 1 793 822
 -0.7084199 1 1927 880
 0.61011758 1 1173 2596
 2.62167095 1 138 120
 -0.2987377 1 2079 1839
 -0.7731238 1 395 1657
 -0.4701209 1 2125 595
 -0.9545475 1 1952 762
 0.74015142 1 2451 2388
 0.11702425 1 613 267
 -0.0740771 1 2018 387
 1.41670843 1 2005 729
 1.07936348 1 2356 989
 1.43131128 1 475 630
 -1.8387306 1 1211 2508
 -0.260548 1 2329 1926
 0.98062712 1 1395 1568
 -0.5191486 1 2276 154
 -0.0396422 1 2400 176
 -0.6912707 1 140 1201
 -0.2500249 1 2312 1019
 -0.602241 1 773 1350
 0.21728784 1 830 285
 -0.951884 1 696 1427
 -0.7971478 1 696 1082
 -2.6650183 1 825 1130
 -0.4984319 1 116 577
 -0.8157438 1 166 242
 -0.3941655 1 696 82
 -2.079891 1 720 417
 0.03409297 1 629 1300
 -0.5470084 1 1018 1859
 -1.0229274 1 1452 1945
 -1.213554 1 1067 2577
 -3.3932158 1 676 2257
 -2.638596 1 175 917
 -0.7013409 1 1770 466
 -1.9881302 1 2152 2684
 0.3767086 1 580 201
 -0.2653861 1 61 1516
 0.5628505 1 1192 687
 1.64905195 1 1761 2801
 -0.0363183 1 734 1735
 -1.7025912 1 15 1401
 -1.5923383 1 16 653
 -1.2052652 1 1529 2490
 1.43947073 1 1238 2040
 -0.2597097 1 1346 1786
 -0.0088671 1 188 2731
 -0.4076136 1 839 401
 0.00090877 1 1956 739
 -2.0522287 1 1023 976
 1.34872115 1 1451 872
 -0.174447 1 1322 2279
 -1.4389329 1 48 1914
 0.71220995 1 1888 1241
 -0.2587405 1 696 1582
 0.26190888 1 696 135
 -1.4814488 1 1663 2610
 -0.6208609 1 999 522
 -0.4895411 1 2168 1099
 -0.6153893 1 1221 2064
 -1.2369008 1 993 2134
 0.28132187 1 1358 1800
 -0.6687433 1 107 347
 -1.1293648 1 932 23
 1.8182684 1 1068 298
 0.45491047 1 516 1318
 1.01883748 1 2239 1843
 1.11655962 1 1102 2178
 -1.1525687 1 1229 2349
 1.04274761 1 1073 2017
 -1.579142 1 1245 1143
 -0.3044783 1 1467 1487
 -1.0496438 1 1319 433
 0.72198895 1 2401 1534
 -0.6165899 1 94 1194
 -0.7978044 1 1306 112
 1.68694313 1 344 1413
 -0.3945141 1 568 1046
 0.30148436 1 1677 315
 -0.0241606 1 1130 92
 0.23573875 1 1389 537
 -0.3249317 1 239 2683
 -0.3954021 1 1674 1842
 -0.5556436 1 2137 1508
 -0.230196 1 1987 2539
 0.09234194 1 2058 601
 -0.2760132 1 1158 2475
 -0.2675945 1 2491 1724
 -0.2467035 1 1341 394
 0.98980538 1 1840 734
 -0.0864316 1 404 993
 -1.9032853 1 470 636
 -1.9422767 1 1515 2260
 -0.9215172 1 2377 2591
 -0.7665898 1 115 1930
 0.49815141 1 645 1232
 -0.8095194 1 605 1572
 -1.0973138 1 2496 166
 -0.7730663 1 74 2630
 -0.9351949 1 1590 1207
 -0.4148982 1 1576 128
 0.14531771 1 858 941
 0.02350026 1 1267 1282
 0.92491675 1 1943 339
 -0.265472 1 2052 2796
 -0.2018099 1 55 307
 -0.6685533 1 1236 2101
 1.00323567 1 1122 2435
 0.99460503 1 106 647
 -1.7749423 1 1412 1276
 0.95480078 1 1258 1879
 -0.1341574 1 1954 2312
 -0.255354 1 1283 836
 -0.5889674 1 1191 1185
 -0.0994935 1 487 1498
 -0.275811 1 340 1672
 -0.6846458 1 1826 2006
 0.42205225 1 1208 2524
 0.17384014 1 1057 1007
 1.00432511 1 2143 659
 -0.360067 1 1827 2496
 0.31448072 1 1721 1793
 0.24594094 1 881 2736
 -0.9507604 1 832 746
 -1.2434316 1 783 2285
 -0.8303735 1 43 1245
 4.13345786 1 1187 1586
 -1.1451085 1 1803 606
 1.77302303 1 549 1104
 -0.9972255 1 1657 2397
 -1.4705948 1 244 2139
 0.09454156 1 1598 1361
 -1.1077383 1 497 1324
 0.10373715 1 1750 2184
 -0.4515918 1 2373 2356
 -0.5377874 1 1906 2021
 -1.4088933 1 317 1148
 0.51483469 1 872 1199
 0.58609876 1 1507 926
 0.17836945 1 2149 1262
 2.86302778 1 375 294
 -0.2554258 1 1792 2090
 -0.2105025 1 2470 2112
 -0.68426 1 1562 719
 -0.5689031 1 155 635
 0.37430122 1 617 26
 -0.0863969 1 171 1693
 0.06733296 1 57 507
 1.7794163 1 696 843
 1.30159165 1 702 859
 1.65523443 1 1778 1579
 0.40991706 1 1986 280
 -0.1080653 1 438 1081
 -0.4600484 1 2423 733
 0.24002781 1 362 1373
 0.2394983 1 1784 78
 -0.6745415 1 2360 1305
 -0.9123714 1 160 965
 0.46008887 1 1806 2193
 0.03600252 1 612 2529
 -0.1080852 1 1710 2000
 -0.0160437 1 2003 2214
 -0.1213138 1 2302 1873
 0.05863258 1 2515 2107
 0.24989792 1 368 2441
 0.2424756 1 2161 2096
 -0.4955211 1 1666 1059
 0.22543221 1 975 1154
 -1.5866958 1 1143 559
 0.35622287 1 491 2585
 -0.2133733 1 1940 1281
 -0.2210056 1 616 1884
 -1.259158 1 633 2643
 -1.1827423 1 2499 2318
 -0.5329515 1 1194 839
 2.09505003 1 2341 934
 1.03287766 1 1129 2697
 0.11230486 1 1838 1676
 -0.6618983 1 1651 2012
 1.28206202 1 2305 664
 -0.5581288 1 284 13
 0.15419047 1 327 1458
 -0.2801401 1 918 2743
 -0.809892 1 610 2406
 1.29961976 1 1760 494
 0.87477291 1 1963 832
 0.49382886 1 2466 877
 -0.8442716 1 752 2289
 0.06579896 1 2320 2603
 -0.3972003 1 476 1592
 -0.2144886 1 363 1593
 -0.343163 1 1892 2615
 -0.4983187 1 1574 345
 0.26456029 1 1992 2784
 -1.35569 1 2507 1405
 0.0138974 1 1599 1754
 -0.1671916 1 1175 2094
 -1.0724407 1 1502 706
 0.18479669 1 2031 1053
 -0.1446454 1 672 654
 -0.2445217 1 2016 563
 -0.0998447 1 186 1550
 -0.4071093 1 546 1871
 2.37250376 1 1383 785
 -0.2096953 1 710 2365
 -0.6747145 1 2328 1831
 -0.3371255 1 2309 1502
 -0.4414401 1 430 1664
 0.24562905 1 1021 2530
 -0.7367598 1 2248 1013
 0.49219159 1 127 2149
 0.77047372 1 1123 2484
 0.16462102 1 381 2049
 -0.7997972 1 2232 1709
 0.99918429 1 1436 1451
 -0.0188633 1 1176 2737
 -0.8239835 1 2318 1228
 0.32136252 1 481 878
 0.48559348 1 849 2267
 5.56714626 1 1393 1234
 -0.3042467 1 2435 1577
 0.03884218 1 68 2616
 3.69366045 1 1743 515
 -0.3309061 1 413 2058
 0.20717903 1 1334 2392
 1.89582112 1 1676 2140
 -0.6621619 1 1371 1352
 2.247318 1 680 351
 -1.1055503 1 489 27
 -1.1160778 1 1776 292
 3.91758733 1 217 385
 0.53957542 1 372 1325
 -0.5043292 1 352 1837
 -0.0297988 1 1617 2175
 6.99982477 1 124 2357
 -2.2195662 1 955 2022
 -0.1658498 1 1682 229
 3.02689043 1 1135 91
 -0.8544062 1 1224 1953
 0.2718852 1 2384 2569
 -1.3636525 1 1177 2233
 -2.8540088 1 1017 914
 -1.4368404 1 221 456
 -1.2961615 1 1597 2682
 -1.9292681 1 17 2773
 -0.1656029 1 300 1419
 0.20668926 1 407 1743
 0.39639791 1 354 2084
 0.29146907 1 758 692
 2.04269366 1 2141 1042
 -1.2468693 1 961 668
 2.86543402 1 1744 322
 -0.1065795 1 809 86
 -1.8387545 1 319 1631
 -0.0126171 1 1926 1533
 0.48351433 1 1668 2661
 1.35816291 1 885 817
 -0.6753196 1 2490 886
 -0.142709 1 595 542
 0.10852695 1 2492 2640
 -0.2843767 1 1730 2283
 -2.2804413 1 790 2609
 1.57710916 1 1908 1905
 -2.1920286 1 1550 1591
 -0.2233599 1 2370 44
 -0.1996971 1 770 276
 -0.8603434 1 692 615
 -0.2590886 1 2021 1087
 0.02720992 1 1303 2072
 -0.1611689 1 907 2405
 1.91349282 1 2175 1787
 -0.418487 1 2429 1368
 1.06854442 1 479 340
 0.4292115 1 1076 416
 0.86108764 1 1729 971
 -0.1687693 1 1559 2187
 1.97202752 1 696 2339
 -0.0475199 1 696 2007
 -0.0218536 1 1487 1497
 -0.4559276 1 1050 472
 0.28955455 1 2494 2665
 0.01469485 1 1063 188
 -0.5015128 1 1974 1526
 -0.0601394 1 1186 1186
 -0.5432624 1 1631 1968
 3.44977684 1 525 2310
 0.28227255 1 800 2220
 -0.5440365 1 608 933
 -2.0073679 1 2433 688
 -2.4332095 1 2416 352
 -2.3607596 1 190 2789
 -0.4360649 1 759 1736
 -0.024854 1 1484 1411
 -0.3048516 1 1561 1758
 -1.7636731 1 1085 2099
 -1.5890461 1 486 2442
 -2.726182 1 1995 2102
 -0.0091875 1 1949 1058
 -0.0158363 1 2269 905
 -0.4683257 1 209 98
 0.27259991 1 2430 1555
 -0.5688236 1 2049 2319
 -0.4347829 1 70 924
 -1.5105432 1 696 792
 -0.5249304 1 2146 2368
 -0.3389332 1 2522 2691
 -0.5519791 1 39 1835
 -0.4518777 1 2124 1671
 0.27171562 1 189 52
 -0.3468481 1 2207 2535
 -0.2659491 1 2134 605
 0.76298809 1 313 700
 0.57125342 1 1197 1020
 1.29681255 1 228 2056
 -0.0348693 1 91 1716
 1.75021321 1 41 1457
 -1.2526156 1 142 1781
 -0.037834 1 1523 2745
 -1.0647817 1 1524 392
 -0.5450194 1 1866 489
 4.59306045 1 2094 882
 0.01009396 1 2476 2601
 0.59010417 1 581 1920
 -1.1475909 1 587 1581
 -0.7647379 1 778 141
 0.26360255 1 1345 2624
 -0.0333385 1 1505 599
 -0.2765675 1 303 1105
 0.32370227 1 632 2062
 -2.2525267 1 1560 2146
 0.4975072 1 501 1359
 -1.8029452 1 1522 33
 4.25619711 1 1979 2120
 1.35293453 1 371 1038
 -0.4394427 1 159 673
 0.5535778 1 401 330
 3.76294077 1 2277 328
 -0.5264894 1 1796 1389
 1.09097683 1 1252 2111
 0.41684304 1 528 2427
 -1.6593387 1 2233 2332
 0.69849652 1 1136 818
 -0.8325105 1 2210 1161
 0.26220237 1 1490 547
 0.64802662 1 2357 2587
 -0.1233328 1 1603 1263
 -0.5355866 1 2453 585
 -0.2901661 1 1572 945
 -0.3697776 1 403 434
 -0.8186975 1 1299 2706
 -0.2008854 1 1968 1821
 -0.269653 1 383 1488
 -1.0191701 1 1531 1680
 1.73670535 1 1735 2016
 -0.2835065 1 453 2758
 -0.0292205 1 696 369
 -0.5067127 1 819 714
 -0.0019476 1 677 998
 -0.2704472 1 2315 640
 0.2201787 1 19 22
 -0.9112796 1 1736 1698
 0.90990338 1 1532 1469
 3.08166412 1 696 1798
 4.16127999 1 696 2645
 -0.5902501 1 696 501
 1.03207511 1 696 1215
 -0.3392794 1 696 865
 1.22630291 1 696 2288
 1.91252028 1 1707 2614
 -0.0143756 1 696 1910
 2.0879085 1 382 1583
 0.3758728 1 445 1597
 0.29767422 1 2062 366
 0.70470912 1 524 48
 0.60717963 1 1496 279
 0.19751218 1 1774 1095
 -0.8014497 1 2194 2075
 -1.1889732 1 2074 2411
 -0.2354536 1 1708 1806
 0.03043858 1 1970 1463
 -0.2167859 1 696 248
 -0.2720011 1 696 422
 -0.7385232 1 696 979
 -0.3704282 1 696 2192
 0.49786233 1 696 2345
 -1.1309767 1 696 2014
 -0.9495637 1 696 1244
 -0.6421801 1 1325 476
 -2.091815 1 1595 192
 -1.0630332 1 1571 1530
 -0.1050803 1 1069 1192
 2.08635023 1 1107 1973
 0.56414003 1 2364 2317
 -0.3456822 1 2352 939
 0.20493063 1 1552 1030
 0.50381089 1 76 356
 0.27240466 1 1459 2793
 0.05054255 1 1807 306
 6.96127209 1 2097 1421
 0.10493294 1 370 1763
 0.39118353 1 1480 2106
 0.19563249 1 2095 2449
 -0.3608117 1 361 801
 -0.1276267 1 347 1146
 -0.8415901 1 622 566
 1.23953094 1 149 2576
 0.42584569 1 2088 103
 0.06494925 1 696 1283
 -0.0163062 1 696 1877
 -0.0212874 1 2035 2647
 -0.5143934 1 696 2324
 0.24283194 1 696 1603
 0.63828029 1 696 1570
 -1.2763924 1 696 148
 -0.0315632 1 696 2623
 1.53930868 1 696 513
 -0.3072314 1 696 858
 -0.2857844 1 696 848
 -0.1887752 1 696 2299
 -0.4228977 1 696 2628
 1.01912621 1 696 1893
 -0.5144966 1 696 1811
 1.51554362 1 696 1353
 -2.4876892 1 696 1688
 0.01431023 1 1092 32
 0.06513795 1 926 293
 -0.2907831 1 500 724
 -0.3515214 1 96 2419
 -0.292027 1 696 421
 -1.636966 1 696 956
 0.24512715 1 696 2202
 -0.8022446 1 696 2542
 -0.2758595 1 696 2238
 0.7451129 1 696 908
 -3.897201 1 696 1258
 -0.5681574 1 696 459
 -0.4887457 1 696 535
 -0.0761226 1 696 1173
 -0.1989663 1 696 1985
 -0.444955 1 696 2460
 -1.3313715 1 2196 1043
 0.39949709 1 635 679
 -0.4402865 1 623 2800
 -0.6830151 1 1037 2336
 0.42682512 1 696 821
 0.25423278 1 696 1165
 0.1072081 1 696 555
 0.82214287 1 696 110
 -0.4438158 1 696 1610
 1.63570131 1 696 1278
 2.11232949 1 696 1889
 -0.709206 1 696 2549
 -0.0175442 1 696 589
 0.25181633 1 696 950
 -0.0224551 1 696 772
 -0.021968 1 696 441
 -0.5816165 1 696 2710
 2.28428467 1 1400 1495
 -0.5547023 1 1428 1685
 -1.1284894 1 1494 2431
 -0.366159 1 125 718
 -0.3145013 1 1199 1004
 -1.5419341 1 104 649
 -0.4411902 1 469 2500
 -0.5868137 1 2147 1703
 -0.0377215 1 2409 159
 0.9555955 1 2180 2648
 0.2941291 1 224 506
 -0.2279014 1 1645 838
 1.00342256 1 1854 2293
 -0.0036076 1 1210 2622
 -0.3733486 1 1993 1915
 -0.9839192 1 1686 1675
 -0.3047248 1 339 53
 -0.5101627 1 1542 284
 1.63169958 1 2462 620
 -0.9053266 1 1022 740
 -1.347762 1 2468 2416
 -1.4434874 1 726 2126
 -0.5456896 1 1121 1815
 -1.1895693 1 1859 1065
 -0.8895119 1 1756 2088
 0.49979609 1 1632 2448
 0.01551365 1 210 2108
 2.09321689 1 1581 310
 -0.2015632 1 473 1374
 -0.8372148 1 2022 1868
 -0.0283425 1 1059 2209
 -0.6255646 1 247 2323
 -1.4380022 1 1046 826
 0.48369032 1 1889 531
 1.64073637 1 1327 122
 0.15263351 1 1137 1598
 0.8887433 1 2292 1506
 0.27960855 1 121 1659
 0.17585871 1 2311 1999
 0.26567672 1 1833 2534
 -0.195794 1 1196 2197
 0.55612325 1 1660 960
 -2.2877267 1 852 756
 0.04543783 1 2098 418
 -0.8478393 1 2092 238
 0.16289352 1 1625 1715
 -1.2854473 1 1609 1445
 -0.8554974 1 1944 2744
 -0.9851818 1 1795 1073
 -0.4257601 1 1671 626
 0.39617714 1 1985 2512
 -0.6925463 1 2524 1924
 -0.3629735 1 2394 1611
 0.09595471 1 857 1578
 -0.1997634 1 2083 516
 -0.2920338 1 2099 864
 -0.5945322 1 2452 854
 0.49929159 1 75 511
 -0.0303105 1 2077 2145
 1.23067535 1 87 1817
 -1.2373261 1 1722 1360
 -0.3930028 1 1871 1692
 -0.1457232 1 477 37
 0.43822421 1 1270 297
 0.06998417 1 1368 629
 -0.6563196 1 719 742
 -1.3709699 1 274 2425
 0.38392421 1 763 2507
 -0.693804 1 81 2026
 -0.0252708 1 64 1132
 -0.0252736 1 2402 1477
 -0.9417335 1 1976 234
 -0.9931789 1 1090 966
 -0.2664193 1 519 2206
 -0.65093 1 201 2244
 -1.8792029 1 655 1896
 -0.9521806 1 2371 1261
 -0.9492446 1 86 121
 3.42261142 1 1611 200
 -0.924561 1 588 1179
 -1.0448722 1 2089 2079
 0.57410386 1 2101 2132
 1.1841327 1 696 346
 -0.0361859 1 192 2804
 -0.6752905 1 2525 334
 -1.1098573 1 1495 1397
 -0.495561 1 297 1047
 0.53826812 1 591 1857
 0.68124907 1 1930 2196
 0.10811222 1 2500 2354
 -0.8228365 1 850 1172
 -1.921121 1 89 567
 -0.2717404 1 1675 208
 -2.2060854 1 2051 1616
 -1.4832916 1 696 1285
 0.33979744 1 73 526
 -1.4928562 1 108 2605
 0.17115506 1 1510 1587
 -0.3174929 1 934 1585
 -0.88592 1 1652 1913
 -0.1691223 1 100 2607
 0.01247735 1 322 1363
 -1.2803912 1 1613 1700
 -1.1922459 1 1752 18
 -0.6844246 1 139 2497
 -0.946763 1 1281 645
 -0.6060845 1 163 1060
 -0.4263147 1 390 978
 -0.314754 1 598 2181
 -0.2287713 1 2120 1677
 -0.6718092 1 696 220
 -1.1069701 1 639 2703
 2.65633599 1 1718 439
 -2.001852 1 1161 780
 0.21777728 1 1647 1963
 -0.5164203 1 356 2305
 0.23134153 1 1545 2224
 0.29337081 1 484 1885
 -0.9435197 1 722 1268
 0.59248161 1 1431 1077
 -1.348455 1 941 2095
 -0.2629542 1 843 2113
 -0.059121 1 1392 1050
 -0.0358692 1 2388 317
 -0.5712246 1 1386 2797
 0.16568976 1 2158 333
 0.07612292 1 364 1288
 -2.5446954 1 2006 1872
 -1.9591615 1 700 2213
 0.35450174 1 835 2326
 -0.7773221 1 925 831
 -0.1552519 1 2493 1176
 -0.7637227 1 1503 538
 -0.7119537 1 2038 197
 -0.0227817 1 1662 127
 0.799219 1 762 207
 0.08770541 1 402 1509
 0.0929145 1 1654 1665
 2.23361235 1 1737 2207
 1.56410865 1 1653 964
 -0.5605975 1 666 763
 -0.2095745 1 654 5
 -0.1799146 1 1163 1722
 -0.8160102 1 355 1379
 -0.6653408 1 1188 1777
 -0.4172954 1 394 2750
 0.8450792 1 796 2417
 -0.1144821 1 3 728
 -1.2424 1 811 1079
 -0.6715823 1 658 631
 -0.3557242 1 1218 2632
 -0.020967 1 705 2385
 -0.883456 1 1858 49
 0.03678946 1 1103 634
 -1.3052964 1 365 749
 -0.2094787 1 36 309
 -1.2189864 1 84 1051
 -1.0218909 1 1455 2091
 -0.7093247 1 1200 1064
 0.22797393 1 345 1408
 0.06673557 1 1320 299
 0.69094339 1 2422 107
 -1.7477948 1 1773 448
 -0.6902634 1 378 1270
 0.16407771 1 1437 2306
 0.91538437 1 26 1966
 0.94482786 1 325 1189
 -0.6177144 1 1563 523
 -0.0439974 1 216 2701
 2.6273817 1 532 219
 0.83010855 1 1549 2520
 0.94130348 1 237 2185
 -0.46802 1 161 975
 0.82862364 1 1174 1311
 -0.406549 1 1698 2493
 -0.5882197 1 447 17
 1.18316656 1 44 1702
 -0.6946812 1 507 1365
 -0.5968551 1 553 1792
 -0.3457716 1 80 2133
 -0.7706295 1 1544 2403
 1.37519488 1 1476 532
 -0.1254056 1 2072 1919
 0.69600712 1 411 2617
 0.95017809 1 990 2280
 -0.7048481 1 826 1094
 -0.5890961 1 2170 2401
 -0.0049291 1 1955 1369
 -1.198933 1 1468 2510
 1.77653092 1 1924 652
 0.13643441 1 1132 982
 -1.2313464 1 2086 2188
 -0.3464812 1 1441 2013
 -0.0498056 1 1938 2711
 0.78411291 1 1213 444
 0.26433538 1 2272 521
 -0.4255532 1 1472 1191
 -1.2083244 1 542 840
 -0.2020331 1 1896 2311
 -0.3182551 1 900 2229
 0.99636585 1 540 1890
 -1.3676357 1 709 1275
 2.01893685 1 1771 1613
 0.44259735 1 1332 1084
 -0.4991051 1 136 2100
 -0.5852116 1 18 2440
 0.70719761 1 2348 1054
 0.1045829 1 803 1400
 -0.0248275 1 1424 324
 -0.2011356 1 1456 8
 2.44046471 1 966 99
 -1.276132 1 194 432
 0.97151161 1 1658 1878
 -2.7087869 1 2521 2219
 -1.3219005 1 1287 2334
 -0.2887179 1 1288 1979
 -0.0136372 1 1056 1183
 0.53707678 1 59 549
 -0.0032826 1 1819 209
 -0.9534155 1 1178 853
 -0.3448323 1 510 514
 2.01921562 1 1758 2621
 -1.3358132 1 1521 145
 0.79026771 1 2303 1602
 1.0948012 1 1235 1922
 -0.2434886 1 1417 2597
 2.69227024 1 699 2513
 -0.7926442 1 1726 625
 -0.7518911 1 251 984
 0.41908826 1 638 730
 -0.1246106 1 1470 2420
 -0.87035 1 441 2741
 0.13678689 1 1109 1712
 0.01835868 1 2514 755
 -0.8155322 1 353 602
 -0.4335449 1 2153 2533
 0.10086287 1 1899 1838
 -0.6429527 1 357 124
 0.3250669 1 746 195
 0.02551285 1 349 530
 -0.1118366 1 685 2651
 -0.087702 1 408 1869
 -0.3631656 1 882 1287
 -0.7488647 1 400 1623
 0.84943773 1 601 336
 1.23474507 1 511 10
 -0.8717778 1 109 314
 -0.6110896 1 2347 1396
 0.53299521 1 2000 1055
 -1.0155123 1 2526 2452
 -0.2724306 1 379 2097
 -1.0246705 1 52 451
 0.65502302 1 599 1277
 0.02903329 1 715 1882
 -0.2043342 1 2271 1975
 -0.4671164 1 2080 1280
 0.3999848 1 385 224
 0.11264577 1 1000 1494
 -0.5341127 1 338 1799
 0.45636825 1 611 2408
 0.11646102 1 219 745
 -1.318196 1 374 835
 0.5300965 1 1500 539
 -0.7903278 1 1074 2626
 -0.9279778 1 308 2302
 0.77990937 1 454 611
 0.49203701 1 1007 2730
 -0.0863185 1 250 1794
 -0.5174628 1 718 1465
 1.99768475 1 2503 1705
 0.25500673 1 1414 28
 -0.0223728 1 1988 1770
 -2.1106055 1 821 1388
 -1.0194736 1 13 316
 0.68564069 1 607 327
 3.85843123 1 1709 2119
 -0.6229154 1 242 2080
 1.50270429 1 2060 1986
 0.00993246 1 1240 1512
 -0.0125356 1 978 119
 -1.1180137 1 1508 457
 -1.503832 1 427 912
 1.34202464 1 903 2236
 -0.3318481 1 2465 2294
 -1.1376543 1 1010 955
 -1.0148316 1 1989 1295
 0.54478063 1 4 423
 -0.1749649 1 2001 1478
 -0.4532272 1 1376 1135
 -0.0925917 1 1072 2024
 -0.4493957 1 47 2359
 0.08586203 1 493 722
 -0.4957192 1 951 1069
 -0.2962811 1 2497 353
 0.20331536 1 1981 1351
 -0.6492135 1 2366 2631
 1.21702814 1 2179 847
 -0.7490579 1 570 860
 -0.0910928 1 2424 2629
 1.36596766 1 1990 1233
 0.08754667 1 360 1925
 -0.1377079 1 1642 36
 -0.424623 1 1841 2517
 3.51847376 1 275 988
 -1.1548585 1 714 735
 0.46241104 1 471 2426
 -0.2696478 1 574 2747
 -1.8028183 1 667 1448
 0.22688562 1 2024 1719
 3.70403794 1 731 1804
 -0.1480141 1 254 2720
 0.28436189 1 801 415
 -0.9028901 1 1181 761
 0.60497815 1 211 612
 -0.7398695 1 2316 2538
 -0.70755 1 212 1995
 -0.016567 1 496 1662
 0.09961451 1 25 1596
 -0.1150985 1 1622 2602
 0.48803677 1 1 536
 1.50703281 1 1834 1178
 0.91183358 1 901 828
 -0.150369 1 1032 1874
 -0.7215498 1 772 1292
 0.63184265 1 1433 1372
 0.95241201 1 1539 341
 -0.0943682 1 2189 20
 -0.5225379 1 1875 329
 1.53923834 1 449 662
 0.00166333 1 1621 1066
 0.00463382 1 1201 2105
 -0.2537029 1 2122 2456
 0.49351389 1 2469 2103
 -0.2541442 1 2379 1752
 -1.2145187 1 2116 1162
 -0.8713314 1 2117 1501
 -0.5108858 1 1350 212
 0.40271043 1 2245 111
 -0.2319967 1 193 455
 -0.0467865 1 2244 1294
 -1.0721495 1 265 927
 -0.2763296 1 1434 2223
 -1.0913142 1 1885 2320
 0.05764892 1 215 1981
 0.00312701 1 1064 1247
 -0.0135668 1 2085 1904
 -0.9452738 1 2406 2611
 -0.3424645 1 490 2286
 0.23804081 1 1478 863
 0.06242539 1 2508 1212
 -0.515534 1 197 504
 -0.0066638 1 2485 2639
 0.2463525 1 1948 1563
 -0.1978578 1 750 1470
 1.29373672 1 2464 1696
 1.72877238 1 2439 2032
 0.66510111 1 1237 2502
 -0.3801366 1 1397 639
 0.63299392 1 560 996
 1.38176621 1 1164 715
 0.99144285 1 848 373
 1.68904911 1 1479 1765
 -0.0308104 1 1716 1681
 -0.1461929 1 1852 1486
 -1.4526432 1 329 1820
 -0.1477982 1 824 2376
 0.87837527 1 1855 775
 0.69801475 1 2011 946
 0.6176814 1 1998 588
 -0.9171112 1 1407 1609
 -1.2688133 1 2455 114
 0.48340723 1 1535 2589
 0.37579065 1 1261 552
 -0.0118149 1 2395 889
 -0.0711205 1 745 2662
 1.81720574 1 2284 1774
 0.48247665 1 2285 1393
 2.81098775 1 377 323
 -0.0596558 1 321 2802
 -0.8411242 1 358 671
 0.0805215 1 866 691
 -0.1878481 1 2174 2325
 0.50477163 1 332 1991
 1.30940303 1 1914 1171
 0.1284954 1 1463 202
 -0.1567108 1 1637 123
 -1.5490669 1 1659 461
 -1.3822822 1 775 1255
 0.60203708 1 1769 2241
 0.02101578 1 1429 2328
 -0.9070692 1 517 2203
 0.82491099 1 314 1299
 4.04451216 1 2280 429
 -0.1328242 1 2308 88
 -0.2507203 1 1882 233
 1.35605304 1 2359 1489
 1.84256716 1 2359 1139
 0.83462603 1 1881 2030
 -0.5559309 1 2421 2422
 1.73341085 1 1051 2085
 0.08580546 1 1071 1074
 1.15511693 1 669 291
 -0.0159795 1 1816 31
 0.71083241 1 1587 357
 -0.3978191 1 442 1355
 0.06787299 1 1020 1810
 2.3156612 1 229 2636
 -0.019934 1 2090 2300
 -0.1504145 1 458 851
 0.40500517 1 698 1197
 0.20692221 1 2306 524
 -1.2198985 1 1385 2635
 0.06446525 1 255 150
 0.15259281 1 1475 1573
 0.01143754 1 2489 2521
 -1.0035702 1 1656 992
 0.52121776 1 1399 748
 0.09082773 1 531 388
 0.39419129 1 425 2755
 0.49456211 1 1862 1460
 0.24741237 1 1616 1993
 -0.9116409 1 545 1163
 -1.0410844 1 626 545
 -0.2802545 1 483 206
 -0.7387654 1 206 1260
 -0.276481 1 1016 1891
 -0.1497524 1 1753 2230
 -3.43943 1 1942 2303
 1.51891275 1 697 2208
 -0.4449571 1 2323 948
 0.39334027 1 1923 1298
 -0.4928048 1 1811 431
 6.46988237 1 1618 2708
 -0.1700556 1 1373 226
 0.29332352 1 1591 2428
 -0.5187937 1 1787 1068
 -0.5303589 1 2417 638
 0.32383116 1 1696 295
 0.29374376 1 23 25
 -0.0980458 1 266 1357
 -0.3492535 1 520 1802
 -0.0030947 1 2419 2136
 1.47865986 1 2178 2638
 -0.2109998 1 2487 841
 -1.1179992 1 2479 862
 0.57061843 1 624 2613
 -0.702325 1 2228 137
 0.01777463 1 464 1580
 -0.2148869 1 1461 1916
 -2.1840429 1 280 43
 0.12422159 1 1880 617
 -0.1691898 1 604 1085
 0.44188935 1 461 737
 -0.6662447 1 1565 2409
 -0.4819424 1 1688 2732
 0.12915076 1 561 1784
 0.25038767 1 647 1456
 0.18166969 1 2226 1706
 -0.1852459 1 2136 244
 -0.1351329 1 870 407
 -0.6669885 1 1869 752
 -0.3698771 1 652 967
 -0.9018803 1 865 2526
 1.18688106 1 2056 1669
 1.24213574 1 62 1589
 -0.4233033 1 366 834
 -1.1080556 1 144 2314
 -0.0171625 1 2337 2217
 1.4707601 1 1528 1875
 0.01205688 1 630 1366
 -0.5346965 1 1099 344
 2.35382433 1 2319 15
 -0.9506785 1 1977 303
 -0.0768332 1 2351 1403
 0.45477549 1 131 1057
 -0.3596197 1 1062 2437
 0.09145003 1 2081 2098
 -1.0080701 1 1848 1056
 -4.6574e-6 1 1450 1150
 0.20546663 1 1554 562
 0.4061542 1 904 1279
 -0.3832851 1 1790 2316
 0.58952244 1 1342 1971
 -0.1919326 1 668 929
 3.76994043 1 1413 1272
 2.3106493 1 927 446
 -1.007498 1 2195 2694
 -0.1255217 1 380 214
 -0.1694728 1 678 1156
 -0.0048915 1 747 2001
 0.43683587 1 1296 2527
 0.86900135 1 1969 2191
 2.7724352 1 791 1476
 -0.4492499 1 170 30
 -0.7045516 1 2236 2505
 -0.9935203 1 1271 632
 1.43137981 1 2202 994
 -0.13216 1 1167 2751
 -1.1117185 1 1901 1773
 0.93178265 1 1171 1686
 -0.8580526 1 911 1818
 0.54386223 1 2 2713
 0.07461191 1 1973 425
 2.11664265 1 2150 765
 -1.2447717 1 696 953
 0.48878981 1 1541 592
 -0.2134166 1 1149 2540
 0.68261004 1 768 1989
 0.17522884 1 1566 1894
 -0.8048521 1 1131 1257
 0.89283612 1 326 1604
 -0.2062767 1 1387 2593
 -0.0009693 1 1815 544
 0.99823245 1 1715 1169
 0.21515034 1 2231 820
 -3.2022762 1 642 2327
 0.05116707 1 218 2659
 0.47269579 1 2475 2118
 -0.2217136 1 2078 1040
 1.21955855 1 1891 1386
 -1.1687393 1 2198 326
 -0.7199816 1 1575 3
 -0.320185 1 944 318
 7.07550171 1 1338 1045
 -1.151751 1 135 2114
 -0.9291158 1 287 2331
 -1.8105675 1 359 1998
 0.28446333 1 92 1168
 0.13145221 1 2486 551
 6.44671193 1 2375 115
 -1.1533933 1 742 453
 -1.150341 1 1139 1266
 0.5243664 1 1679 919
 0.0020433 1 336 2235
 0.76045945 1 429 2546
 0.35344354 1 1687 2212
 -0.4583137 1 1276 952
 -1.8080928 1 1344 1317
 -0.1188585 1 83 438
 0.71618542 1 285 2712
 -0.3688628 1 173 231
 0.68194564 1 704 1484
 2.16089465 1 2437 1141
 0.07192737 1 98 2018
 -0.685707 1 451 2109
 0.46428573 1 389 716
 0.24479793 1 792 1072
 0.41412028 1 1304 644
 -1.1150282 1 802 305
 0.86570173 1 2519 29
 0.39051607 1 2185 1807
 -0.6434808 1 1498 1887
 -0.1376786 1 386 2642
 0.04676062 1 902 2304
 -0.3080241 1 1134 845
 -1.0404085 1 992 520
 2.1136471 1 214 2618
 -1.8797227 1 1868 143
 0.28082344 1 845 1595
 -1.7698242 1 846 46
 0.14666953 1 1243 2518
 -1.0729668 1 1837 622
 -0.2560225 1 844 980
 -0.4638469 1 185 744
 -1.2628403 1 1967 2412
 1.83410307 1 814 2738
 -0.6453906 1 1779 1790
 -0.1283478 1 1458 1468
 -1.7693888 1 874 1466
 -0.0085277 1 2509 1796
 2.98691071 1 2208 2725
 -0.2797661 1 2398 412
 -0.3920703 1 1119 759
 0.99144178 1 628 974
 -0.5162167 1 348 609
 0.78582369 1 755 2531
 -0.5490029 1 1315 2003
 1.80271384 1 1351 1684
 -0.5219979 1 2471 943
 0.60073728 1 1474 2211
 -1.6226766 1 6 1976
 -0.962797 1 260 1181
 2.43805845 1 988 1518
 0.48819326 1 1582 194
 0.9013198 1 2155 125
 2.3840493 1 972 464
 0.49120714 1 737 1249
 -0.7001644 1 1909 1159
 0.08466446 1 906 1997
 -0.0022721 1 1764 2338
 0.02392416 1 1511 2194
 -0.0040273 1 1936 1307
 -0.0118643 1 2100 413
 0.12734469 1 735 80
 -0.8038234 1 2040 1472
 0.19014647 1 1703 1376
 -0.045945 1 2234 1779
 0.19317467 1 2212 2122
 5.59566256 1 1419 2413
 -0.8719445 1 146 2077
 0.05823103 1 910 1090
 -0.7354608 1 1810 623
 2.14890162 1 2224 282
 0.11450222 1 2327 42
 2.81339059 1 916 1599
 0.26309568 1 2363 1575
 -0.3617038 1 1934 1898
 -0.3972998 1 1670 2619
 3.01861034 1 1728 2291
 -0.9168174 1 712 856
 -0.4892403 1 1421 1210
 -0.3416258 1 2029 509
 -0.002992 1 1755 2633
 -0.1877901 1 199 1808
 0.07252129 1 1680 1480
 -0.6692017 1 2397 1690
 0.13985174 1 2275 35
 0.1609129 1 2109 2511
 -1.3069463 1 2108 637
 -0.8819544 1 2461 1001
 -0.4132569 1 2390 721
 0.98166335 1 2389 379
 -0.7337562 1 1847 2023
 -0.0320046 1 785 1691
 -0.4447136 1 2075 1483
 -0.4892448 1 1169 1823
 0.02133741 1 1733 430
 -0.4895982 1 1734 769
 -1.0260694 1 2338 959
 3.73287795 1 1861 604
 -0.1213494 1 659 2545
 0.76070979 1 1519 2634
 -2.0232349 1 337 1899
 0.01377396 1 2482 1607
 -0.8011085 1 2171 118
 -0.0201636 1 673 2600
 1.64718914 1 1910 550
 -1.8834233 1 460 830
 1.38205116 1 198 2330
 1.79432758 1 1388 2123
 -0.5262894 1 145 1776
 -0.0156487 1 2342 325
 0.67071128 1 1983 666
 -0.0019743 1 958 1049
 0.2896858 1 1183 2117
 -0.2910307 1 1184 2198
 0.15422346 1 1732 2010
 0.39444992 1 823 1175
 -1.0862898 1 1292 1510
 -0.3263276 1 1843 117
 -0.1138393 1 954 1274
 -0.067515 1 1933 932
 0.60668525 1 10 1988
 2.50205603 1 1055 2227
 -0.8254886 1 2523 958
 -0.4145457 1 85 1322
 -0.0088997 1 56 467
 -0.5151693 1 794 237
 0.44362634 1 2528 1491
 -1.1347367 1 1029 1166
 -0.5699461 1 2177 403
 4.34063318 1 278 2728
 -0.015376 1 1212 1789
 0.08732343 1 2426 1704
 -0.582986 1 1570 2044
 1.36778706 1 1627 650
 0.3591302 1 1277 1005
 -0.0657422 1 847 709
 -0.8537627 1 2372 2522
 0.63084593 1 1947 62
 0.3991441 1 2513 1673
 -0.0108779 1 156 1496
 -0.2614324 1 316 2699
 -0.7402713 1 1279 2371
 -0.1882049 1 2293 778
 -1.0183679 1 2383 938
 0.04712699 1 2218 837
 1.22377036 1 1041 2308
 -0.0305293 1 253 2646
 -0.783612 1 164 1880
 -0.9183789 1 2082 1560
 -0.1676771 1 942 106
 -0.2597866 1 1809 2581
 -1.3398314 1 696 556
 1.69662529 1 1298 899
 -1.3668024 1 21 2093
 -0.1948219 1 2119 2433
 -0.0962881 1 1230 2104
 -0.8204295 1 1693 1761
 0.23343708 1 696 2791
 -2.4321599 1 696 338
 -2.2071289 1 696 685
 0.12548816 1 1141 1286
 3.28233949 1 696 2216
 1.7658995 1 696 2321
 0.31929133 1 22 2005
 -0.2126639 1 1685 1184
 -1.0581358 1 2087 1524
 0.20002947 1 730 2672
 -0.4135944 1 1517 469
 -0.4248922 1 696 1164
 1.79336427 1 696 2002
 -0.7244623 1 696 2341
 4.44794613 1 696 2200
 1.71471317 1 696 962
 -0.4000369 1 2135 440
 1.07712685 1 696 104
 -0.8473037 1 1971 240
 -0.7223025 1 2042 332
 0.50797686 1 556 1382
 0.05304301 1 696 1783
 0.07130117 1 921 2086
 0.0471463 1 1962 1103
 0.07207366 1 1772 646
 -0.021491 1 1217 288
 0.01554418 1 1555 1252
 0.6122184 1 1643 1902
 -1.5425648 1 696 2627
 0.67628231 1 1782 1217
 0.40810129 1 696 512
 -0.0331929 1 696 1816
 -0.0130522 1 1763 1493
 -0.2709533 1 696 2028
 0.34168342 1 182 2519
 -0.1613225 1 1244 643
 -0.6794518 1 1052 1010
 -0.3023948 1 1204 732
 1.17897635 1 1928 399
 -0.5620774 1 2066 2515
 -0.8510253 1 1534 1695
 0.00176454 1 1799 1490
 -0.5114004 1 1665 2718
 0.25670478 1 1326 2382
 0.04573213 1 2260 773
 0.41888717 1 409 969
 -0.0222889 1 950 616
 -2.6135037 1 696 2690
 -0.9407593 1 886 450
 0.96226064 1 696 1265
 -0.4561411 1 1223 922
 4.5541612 1 2219 2566
 -1.8746395 1 696 1961
 0.58267222 1 1857 1531
 -0.5306627 1 600 182
 0.46810965 1 868 96
 -1.2225115 1 1105 222
 0.78492336 1 299 571
 2.10916464 1 2374 2015
 -0.0307036 1 1594 1846
 -0.153668 1 2520 1314
 0.37327592 1 1124 397
 -0.130234 1 123 300
 -0.7034399 1 777 1362
 -1.0366907 1 2425 1028
 -0.8827401 1 2307 2137
 -1.2142796 1 859 2399
 -0.0526665 1 1929 2066
 -0.012067 1 2112 525
 -0.6777617 1 1005 2608
 -0.4973346 1 1093 133
 2.3145786 1 2255 1584
 -0.1911679 1 1644 1242
 0.32840914 1 1312 1912
 0.01317833 1 474 2258
 -2.5665929 1 547 2275
 -1.0907516 1 1538 870
 -1.1133317 1 2222 1223
 -0.8404313 1 1155 743
 -0.088149 1 2019 2733
 -0.4916709 1 2104 1797
 4.77801216 1 2434 1461
 -0.9448022 1 2221 1707
 -0.3608023 1 781 2051
 -0.8881715 1 1870 2492
 -0.5196288 1 2358 2158
 -0.263155 1 1738 973
 -1.598484 1 889 613
 0.36629438 1 1152 67
 0.30334668 1 696 1678
 -0.2533919 1 1705 1499
 1.78505871 1 696 1825
 -0.4972758 1 1370 2719
 0.64711974 1 1405 2393
 -0.6893315 1 1794 782
 3.52172497 1 2501 866
 2.76696854 1 2176 842
 0.46682202 1 2495 2315
 -0.5063139 1 1846 2649
 0.70130271 1 2209 1888
 0.10012401 1 2436 1567
 -0.1352203 1 1580 1617
 0.87832547 1 1727 116
 -1.0481723 1 2380 561
 0.07991092 1 2216 642
 -0.512709 1 1166 1062
 -0.5083054 1 24 713
 0.00077334 1 2344 2438
 -0.531063 1 915 2110
 0.30441187 1 2192 1768
 0.18289328 1 1331 1402
 1.9976548 1 2114 2799
 0.76392397 1 937 343
 0.88292557 1 1356 436
 -0.7605856 1 1189 1291
 0.03129898 1 1377 970
 -0.7118815 1 122 2222
 0.19745754 1 1697 2552
 0.51015815 1 1012 2011
 0.32693345 1 551 1188
 -0.183965 1 550 1527
 -1.0880959 1 246 199
 3.52432386 1 2346 2681
 0.47722161 1 1148 215
 0.00209873 1 1742 557
 -0.7156422 1 1042 2009
 1.03996646 1 2441 2355
 0.56554137 1 2009 2205
 0.32020511 1 890 1855
 0.09219055 1 963 1310
 -0.6818408 1 983 445
 0.55207143 1 994 113
 -0.1587632 1 527 986
 0.36252071 1 749 726
 5.25046061 1 1114 383
 0.61634267 1 2502 2746
 -0.2429716 1 2330 271
 0.41636703 1 2020 1444
 1.87668396 1 1612 1718
 1.43583782 1 1951 2478
 -0.3990017 1 1783 2390
 -0.4138394 1 877 758
 -0.4226583 1 774 1111
 -1.4371763 1 1711 597
 -1.1730228 1 760 2536
 -0.2346946 1 1895 61
 -0.4268453 1 119 1658
 -0.2869899 1 1308 1328
 0.30802791 1 1309 1836
 -1.1821254 1 1333 2599
 -0.7597886 1 1579 533
 -0.4149279 1 2266 883
 -0.3454501 1 736 824
 -0.0262095 1 842 488
 2.02971002 1 2267 2655
 -1.4163323 1 1293 1866
 1.94840686 1 306 9
 -0.29517 1 1689 311
 1.93782542 1 1291 661
 -1.3336995 1 1253 1048
 3.49256137 1 1980 698
 -0.1822592 1 1108 2451
 -0.0128894 1 2365 2778
 2.90907778 1 1219 1412
 -0.1142079 1 1255 1742
 -0.3256063 1 1195 210
 0.44492475 1 1867 2700
 -0.7704135 1 2335 1273
 0.09923338 1 1047 931
 2.59433578 1 1482 2226
 -0.0046492 1 191 2571
 0.40216308 1 727 1972
 0.2131132 1 539 1634
 -0.97613 1 914 1538
 -0.3729497 1 37 437
 -1.9936213 1 625 227
 0.58021733 1 2182 576
 0.3989372 1 808 2019
 0.04392646 1 1039 2358
 -1.1934917 1 2299 2180
 -0.4510891 1 2456 1852
 10.1394473 1 2230 1320
 -1.7864921 1 1751 1407
 -0.23306 1 2111 304
 0.09344673 1 1324 21
 -0.0117773 1 1097 349
 0.66054433 1 1082 1367
 -0.2037568 1 1285 1034
 -1.4236966 1 151 2142
 0.79914309 1 853 2430
 0.24725491 1 415 2074
 -0.298465 1 1808 1102
 0.65363896 1 1465 527
 0.3837346 1 1246 186
 0.34800103 1 1045 138
 0.199272 1 1145 1590
 -1.1301185 1 757 1269
 0.09693719 1 1592 1917
 -0.5088677 1 1893 2282
 0.19621423 1 1408 874
 -0.316722 1 1409 972
 0.02190698 1 1220 750
 0.33546922 1 998 427
 1.55290985 1 1354 2739
 -0.2798309 1 2156 250
 7.31127301 1 417 1481
 -1.0868347 1 518 1711
 0.41372514 1 1311 2061
 -1.2854776 1 1586 2499
 0.33365732 1 1086 2161
 -0.789252 1 1011 753
 -0.5633865 1 1054 1089
 1.3286726 1 1568 618
 -0.997556 1 2505 1697
 4.12840971 1 295 2724
 -0.4367362 1 748 2396
 -0.4364059 1 1006 1651
 -0.256863 1 1831 2675
 -0.9795483 1 1925 460
 1.36486317 1 2332 806
 -0.0095845 1 1241 906
 0.11783358 1 2386 2240
 0.84186548 1 590 1947
 0.30565166 1 2017 1861
 -0.4962738 1 162 1297
 1.02577788 1 2345 1638
 1.00447818 1 1418 84
 0.86739128 1 1965 236
 1.26895826 1 2369 575
 -0.204332 1 2131 1131
 -0.2022025 1 896 788
 -1.8922971 1 1759 2362
 -0.7188481 1 883 2169
 -1.6595668 1 1953 2082
 -1.4927805 1 2183 1071
 -0.8374884 1 741 1016
 -0.9552643 1 597 275
 -0.5569897 1 71 1544
 -0.3728798 1 1964 1630
 -1.3985173 1 799 2231
 -0.9796319 1 1701 1144
 -0.3784828 1 1088 2160
 -1.31651 1 2163 1000
 -0.8003633 1 593 2765
 -0.144999 1 782 71
 -1.6251254 1 2367 1612
 0.74170608 1 2160 1933
 -0.5463062 1 810 1725
 -0.4594448 1 876 1656
 -0.4331446 1 2165 1514
 -0.9228568 1 2071 913
 -0.2963679 1 2449 2199
 -0.0075527 1 533 1643
 -1.1933125 1 1100 1425
 -0.5355943 1 2396 287
 2.2010854 1 922 2772
 -0.0131821 1 1536 1346
 -0.0082008 1 2188 2147
 -0.7740108 1 841 173
 -0.8900763 1 1887 428
 0.43206179 1 765 2752
 0.44967324 1 1013 278
 -0.0136155 1 1427 1108
 4.93662788 1 1747 2421
 0.17520489 1 1263 1670
 0.35342372 1 2050 2555
 1.96851421 1 1438 894
 -1.9825295 1 1302 807
 -0.9410398 1 2154 374
 3.85051734 1 878 2281
 2.57668132 1 1464 1938
 7.41625694 1 1569 1559
 -0.3249453 1 1558 1126
 0.52495126 1 1111 2034
 -0.2383661 1 571 2157
 -0.0255022 1 869 1121
 0.00037198 1 1300 1937
 -1.2530498 1 1624 2252
 -1.4800076 1 756 893
 0.00960041 1 797 1437
 -0.0109687 1 980 2798
 0.12914481 1 1301 2544
 0.87106412 1 436 1982
 -0.8918472 1 1361 1519
 2.11068674 1 2408 1653
 3.17242211 1 1247 2561
 -0.7436928 1 1623 579
 -0.7264187 1 1757 1153
 0.07677894 1 996 65
 4.21510319 1 331 257
 -1.6275778 1 2121 1449
 -0.0155285 1 856 1015
 -0.0001868 1 855 1345
 -0.005491 1 1556 54
 0.04885213 1 2142 378
 -1.1746959 1 2201 2168
 -0.0075069 1 1280 2363
 2.00611476 1 1101 2029
 -1.9565194 1 2107 168
 -0.0100442 1 615 1205
 -0.0190647 1 2258 1251
 0.00900156 1 1669 704
 -0.0886289 1 1551 1753
 -0.016041 1 2304 1738
 -0.8811607 1 290 2461
 0.00591463 1 1950 930
 -0.2167639 1 1836 2560
 -0.761097 1 863 1639
 -0.0093248 1 1257 1151
 0.00239895 1 789 812
 -0.0072835 1 2288 2671
 -0.005344 1 2517 1309
 -1.018923 1 2512 72
 0.00058913 1 1420 684
 0.00058914 1 1690 1033
 -0.0245938 1 2015 2128
 -1.3716551 1 1634 2070
 0.00593914 1 387 1434
 0.71883893 1 1094 274
 -0.6939036 1 879 2761
 0.00469716 1 787 2370
 -0.1806522 1 2030 2170
 2.38436097 1 969 41
 -0.0096219 1 1260 581
 -0.0134102 1 584 361
 0.10625212 1 181 1208
 -0.0103679 1 1817 500
 -0.0044806 1 1706 1474
 -0.1330885 1 328 2166
 -0.1909457 1 207 1636
 -0.2832055 1 1821 81
 -1.0316607 1 688 2556
 -1.5035237 1 534 784
 -0.4141764 1 1853 2366
 0.48243662 1 671 2693
 0.43274718 1 696 359
 -0.3840417 1 502 703
 -1.6502172 1 492 1011
 -0.6059331 1 653 658
 1.44794554 1 1411 2485
 3.15907848 1 256 2047
 -0.0846567 1 169 1948
 -0.8058709 1 1678 1202
 -1.0944692 1 1996 1552
 -1.4996896 1 970 169
 -0.9735957 1 660 2652
 -0.7110172 1 621 492
 -0.2230684 1 506 1226
 0.29547982 1 663 876
 -0.2415641 1 428 2274
 -2.0901425 1 468 2171
 -0.1045167 1 683 1331
 -0.2888406 1 443 380
 -0.3538769 1 1274 57
 -0.877177 1 1256 265
 0.15157394 1 1070 2394
 -0.752038 1 696 2386
 0.17620072 1 577 2053
 -0.8793079 1 2041 1110
 -0.1094692 1 2181 594
 -0.3534285 1 2064 258
 0.60503065 1 956 64
 0.32730517 1 829 402
 0.22691201 1 2048 1334
 -0.8038757 1 168 2176
 -0.0935232 1 1025 2595
 1.04340425 1 1442 2264
 -1.0597825 1 555 1237
 -1.142097 1 728 483
 -0.2357086 1 187 2658
 -0.1286208 1 891 1540
 0.24028122 1 1079 1198
 -0.1278109 1 2413 1955
 -0.3983523 1 1959 2479
 -0.1737869 1 1170 665
 -1.2481521 1 444 1023
 0.50314286 1 665 695
 -1.2431738 1 238 354
 0.04529381 1 227 2776
 -1.1990295 1 2361 1748
 -0.6845175 1 640 1417
 -0.964449 1 644 1772
 0.62933773 1 141 1834
 -0.8320783 1 1860 2687
 0.34088504 1 861 791
